1.153916449067147854e+00
1.065480550149058292e+00
1.109958244918715309e+00
1.098780835417584534e+00
1.014248964910225315e+00
1.072481270354796123e+00
1.040139874844055567e+00
1.171364000424319318e+00
1.049461580386517712e+00
1.079683060102381242e+00
1.074227627001895780e+00
1.035194323832176133e+00
1.081567397178420098e+00
1.140321174414574701e+00
1.029477704307390606e+00
1.036101124511752847e+00
1.078033936461212816e+00
1.085659239567266621e+00
1.029142600412133568e+00
1.295627174691329042e+00
1.030167034944057036e+00
1.013145999207977432e+00
1.053075249511561617e+00
1.109330089110224904e+00
1.045389895090466537e+00
1.022929837250362795e+00
1.073636769259036505e+00
1.163007314157700867e+00
1.040711199935551834e+00
1.047213047008516140e+00
1.008106166571069551e+00
1.044567609267530006e+00
1.074106836953044430e+00
1.048449284061463871e+00
1.072749732380903653e+00
1.041888692641402825e+00
1.181245734612474951e+00
1.104541625712596620e+00
1.054675521432943741e+00
1.093773176684858184e+00
