1.018169682236092832e+00
1.005685741942021538e+00
1.010044960990595042e+00
1.074331560364692129e+00
1.024704914897629715e+00
1.014934583974931526e+00
1.057214319875372066e+00
1.008831965085351889e+00
1.046133837508187669e+00
1.024682315648677733e+00
1.036330174771570078e+00
1.059633264498518690e+00
1.102633121664121196e+00
1.069128969821066866e+00
1.010782516972377865e+00
1.015688198955492449e+00
1.015199109046409420e+00
1.027375215592910562e+00
1.084730979313319077e+00
1.012994585581909357e+00
1.013505283218170572e+00
1.077414430311512739e+00
1.046314801144681672e+00
1.007624426243105775e+00
1.013172976054263597e+00
1.036358393798078259e+00
1.010106550271469450e+00
1.013023245933850847e+00
1.010032771775474236e+00
1.012174141981446285e+00
1.024663312456314035e+00
1.089498928833161129e+00
1.029408712228846667e+00
1.011072297412844323e+00
1.053516273347713472e+00
1.074633884056053645e+00
1.057518639448715936e+00
1.045470157577116366e+00
1.013111508493814705e+00
1.056155186644734512e+00
