1.011074859228634049e+00
1.012103501106393022e+00
1.006712160459109828e+00
1.007633471896475674e+00
1.006944648039084456e+00
1.030393770128020137e+00
1.029336197960143418e+00
1.028878163377805466e+00
1.017899998350350055e+00
1.021706778801677595e+00
1.004702700393798942e+00
1.042575914032748630e+00
1.016605629098709995e+00
1.003143941203921585e+00
1.014677245914804349e+00
1.005556124420758479e+00
1.015459335091239979e+00
1.022094101521538123e+00
1.008056883556299743e+00
1.004430432650931238e+00
1.012706077002214489e+00
1.037559763107800848e+00
1.080461496797616494e+00
1.041574984247663593e+00
1.025557383357826646e+00
1.011771039559424823e+00
1.034527999646172036e+00
1.015507332509705929e+00
1.018285485844800053e+00
1.004942378673091108e+00
1.013796143538106875e+00
1.039430187998546362e+00
1.044211679773302093e+00
1.034730971283133849e+00
1.091954244954390418e+00
1.018646634325325095e+00
1.030738452114092096e+00
1.004767753774154171e+00
1.010204806902547103e+00
1.006386921354215369e+00
