1.440731971257658950e+00
1.206918865725411294e+00
1.196351419343972822e+00
1.041631889978967829e+00
1.212452484976696665e+00
1.174056306485818268e+00
1.202617933200685885e+00
1.367185679530919851e+00
1.188483204056751896e+00
1.169066780556355711e+00
1.137437303033258296e+00
1.220841981138075294e+00
1.351458806485149156e+00
1.046393811182406486e+00
1.068340062477650898e+00
1.435829507927179227e+00
1.117737449820720430e+00
1.201084173636576935e+00
1.157497623696868150e+00
1.240750026250221349e+00
1.176848091182217670e+00
1.099309951092297455e+00
1.387450801584928506e+00
1.221222739971061566e+00
1.182013896058131230e+00
1.211395569860566512e+00
1.003603290214258870e+00
1.070414445204792786e+00
1.015680403193425230e+00
1.211690477862938708e+00
1.103254732499760582e+00
1.092447738148157654e+00
1.211697693250155972e+00
1.720493757821607295e+00
1.087596650016985134e+00
1.118596290743824051e+00
1.040227222436474586e+00
1.034626404683123724e+00
1.057771486683223516e+00
1.225255655481856776e+00
