1.077208336152815749e+00
1.004510577259820847e+00
1.199925967834615914e+00
1.014996285903749573e+00
1.039879565756712809e+00
1.057978372525931299e+00
1.037003139845674493e+00
1.029956806648354428e+00
1.036958764820116841e+00
1.105785375895597999e+00
1.049937184069527962e+00
1.031446546827801347e+00
1.105961570457442811e+00
1.064787044962977491e+00
1.060519048428610223e+00
1.221886850486483489e+00
1.326060137882933976e+00
1.134338943357299012e+00
1.135244808874050548e+00
1.260868024271380339e+00
1.107251712671641464e+00
1.128710096799291795e+00
1.055310795572713012e+00
1.042042611745795266e+00
1.035249895160132549e+00
1.174420831088638373e+00
1.201724436650566163e+00
1.030895319490447104e+00
1.088445720324640265e+00
1.171471939129932416e+00
1.010764020504214988e+00
1.373425571437800308e+00
1.080349479194229856e+00
1.044844046380977609e+00
1.047110802701668231e+00
1.244175714144654110e+00
1.038097006040261228e+00
1.213031544137801676e+00
1.059334989443642572e+00
1.132721440620607201e+00
