1.124033130230537969e+00
1.218086469237227520e+00
1.127586453789556797e+00
1.023511954159099124e+00
1.146521000671072210e+00
1.040986958341052260e+00
1.024017568238665410e+00
1.070450782285444991e+00
1.097567370025540390e+00
1.002466445190543620e+00
1.122224772813886995e+00
1.216889659589261319e+00
1.071882714916274626e+00
1.073005471199099281e+00
1.069786682981390458e+00
1.042683654148203409e+00
1.403627408830745660e+00
1.246683742577422205e+00
1.192436637020869883e+00
1.193201258397086573e+00
1.008944414011396562e+00
1.045505676316847987e+00
1.154088743324580557e+00
1.131301176643108919e+00
1.039043214686810712e+00
1.090972363184273819e+00
1.370912478791307398e+00
1.040615370987332033e+00
1.020209888659103115e+00
1.188116926880370405e+00
1.029705036956532371e+00
1.295547470643094501e+00
1.031515768737559124e+00
1.029231082291496735e+00
1.065707747875985545e+00
1.127898061094548821e+00
1.040014423389323817e+00
1.066386932839800794e+00
1.040139695105414042e+00
1.084324598762294478e+00
