1.013087305080856648e+00
1.096671432207137586e+00
1.051962658548546425e+00
1.044707093059885628e+00
1.185303705003264652e+00
1.113052454403897773e+00
1.062873436460899379e+00
1.018072053917085551e+00
1.023834054903939306e+00
1.260177333126657251e+00
1.049661071145338909e+00
1.188094481147689674e+00
1.242993269439239823e+00
1.163007155105426849e+00
1.108922574775797143e+00
1.166218292264802781e+00
1.092114140234145436e+00
1.127910791772077426e+00
1.151955523517888880e+00
1.144489760287606073e+00
1.042067642595148946e+00
1.061208718750217272e+00
1.331961293620514963e+00
1.246652748286469103e+00
1.162012694836923821e+00
1.012450818549418763e+00
1.132344449845112289e+00
1.073983408119729255e+00
1.016173291649941302e+00
1.115366804288057567e+00
1.045752487947268383e+00
1.215978190499787948e+00
1.405760268040052274e+00
1.033772014920576021e+00
1.134600066364504833e+00
1.046602108379848461e+00
1.013413580117100921e+00
1.145183299401743016e+00
1.219475270231479724e+00
1.241732036944245054e+00
