1.128053039250722422e+00
1.031481085701909439e+00
1.087264229819203676e+00
1.034972808246824361e+00
1.034120343874099346e+00
1.023710350008996572e+00
1.047877207121933330e+00
1.042457596585540713e+00
1.011920501838680320e+00
1.032784999391659797e+00
1.031592940321510943e+00
1.016902515572241095e+00
1.019765476787723557e+00
1.067950787844182070e+00
1.054470434131161038e+00
1.134191998587673611e+00
1.166568952014638283e+00
1.072888876699922056e+00
1.164946112917873977e+00
1.143766029424198916e+00
1.092690418778291317e+00
1.071254874725330097e+00
1.010528924115462690e+00
1.020542995677396148e+00
1.092257077556214595e+00
1.072792672388714896e+00
1.065926331067186261e+00
1.066046892394605150e+00
1.046646949645962943e+00
1.095883264100949939e+00
1.005018768150078401e+00
1.150507756578488250e+00
1.028811073759062777e+00
1.035154686909436572e+00
1.045494655667793094e+00
1.086872526812178386e+00
1.029558203681003148e+00
1.130788914265302925e+00
1.076205868429457757e+00
1.106203481377512343e+00
