1.026265886450955067e+00
1.041164180163282271e+00
1.036551502227719856e+00
1.028929419494091446e+00
1.008493447390543585e+00
1.026412579176933848e+00
1.003501742708946542e+00
1.017145809031857251e+00
1.035687503441154567e+00
1.011545243920785264e+00
1.029833917881024297e+00
1.055335074750783031e+00
1.014632491810583570e+00
1.007992338000936128e+00
1.015423505888489286e+00
1.038990926696277350e+00
1.020683988812993492e+00
1.052105591880061031e+00
1.005401766574435252e+00
1.012579714644143536e+00
1.031500079677486248e+00
1.023864382089466840e+00
1.145064238512183419e+00
1.029130427915154744e+00
1.014949489956233242e+00
1.015959831837566441e+00
1.023603854161001747e+00
1.080540498806128458e+00
1.003124639858576916e+00
1.068186979486129173e+00
1.005486084005104308e+00
1.040558145474429930e+00
1.173282178305621093e+00
1.046046305158695677e+00
1.155437206958565000e+00
1.078721516150692672e+00
1.221364947882565444e+00
1.055670537231849115e+00
1.023400901923821493e+00
1.143312380366347858e+00
