1.001931342495693711e+00
1.003517630225311041e+00
1.004213130349807415e+00
1.003708556289836240e+00
1.000358584159636299e+00
1.001356059825506017e+00
1.008341418831432801e+00
1.004945695379631854e+00
1.001237841278194374e+00
1.001752846434486255e+00
1.003734322439675752e+00
1.009799658952907464e+00
1.001054430741838752e+00
1.005945959524032540e+00
1.001824749006561710e+00
1.000795106849585059e+00
1.005485175685842725e+00
1.006140948896236953e+00
1.008498762821656847e+00
1.003266730718525013e+00
1.002487583001613114e+00
1.004294612300790090e+00
1.001894603203877798e+00
1.001250058594349790e+00
1.008642131960664878e+00
1.000792937482008371e+00
1.005053635836549608e+00
1.005531233440444927e+00
1.001121069357508553e+00
1.008565924793726865e+00
1.001617808267341037e+00
1.002802627212482811e+00
1.001170967336393103e+00
1.002975832104428866e+00
1.001887526381390225e+00
1.001250737865485574e+00
1.000972723154475830e+00
