1.007797459644077298e+00
1.008554289776536494e+00
1.014918315662890924e+00
1.013386431342576888e+00
1.011851356446566763e+00
1.007557043297483856e+00
1.018080233891658137e+00
1.013813912440484355e+00
1.012882315452380499e+00
1.007959481156771364e+00
1.012194447462158475e+00
1.012025781491847187e+00
1.007355097105390840e+00
1.015936570410058692e+00
1.006200334409190544e+00
1.007635289970771675e+00
1.011909305514659962e+00
1.008700804353187097e+00
1.010254569603145303e+00
1.011856405996711450e+00
1.015808009766720588e+00
1.012665198947713785e+00
1.016626009314473000e+00
1.005932185185042016e+00
1.010474352547140020e+00
1.015930853222051677e+00
1.018967831855633666e+00
1.006435458434618901e+00
1.010234481270207096e+00
1.013643591491771634e+00
1.007678262677039527e+00
1.013396178478129128e+00
1.017692123451527486e+00
1.010356766416375507e+00
1.009757485316902015e+00
1.011471793774128880e+00
1.014553212016835904e+00
1.008037750423028900e+00
1.016185711053562146e+00
1.015704340286303742e+00
