1.001904154600158137e+00
1.002813834753995215e+00
1.000970810814969969e+00
1.001418902618665285e+00
1.003014209569620618e+00
1.002374824861386182e+00
1.000115207129781414e+00
1.001427758955097724e+00
1.001695640421633504e+00
1.003766316246200718e+00
1.002950342270304773e+00
1.000660245901874079e+00
1.004149400313790297e+00
1.000320942681230729e+00
1.002261784704092218e+00
1.001344657588314702e+00
1.001951617669315509e+00
1.002655752945733392e+00
1.002668956573080639e+00
1.003206568268922405e+00
1.001834799723618330e+00
1.002300679246963089e+00
1.005482811753303229e+00
1.001746255994854229e+00
1.001311468217382261e+00
1.001956198830405764e+00
1.000624452995802827e+00
1.001527310826362260e+00
1.001159319238011047e+00
1.002956425732322465e+00
1.002713752900623589e+00
1.003754123570516743e+00
1.002087952228207568e+00
1.001963323802640637e+00
1.004511619545299439e+00
1.001511369205506874e+00
1.004241273600178230e+00
1.001733702458881714e+00
1.007566774412024913e+00
1.000821383520990482e+00
