1.058014018763836939e+00
1.031915221469312804e+00
1.050843035209023002e+00
1.077283323492762790e+00
1.020031765121937495e+00
1.036271386960265994e+00
1.029260774485755148e+00
1.059977642219524618e+00
1.041541261228817294e+00
1.046894924492352219e+00
1.040280417438975702e+00
1.054596400285946700e+00
1.009592438743903697e+00
1.026610996832100886e+00
1.020717022275476671e+00
1.061130776092002126e+00
1.041433832463011022e+00
1.011526577538856442e+00
1.026760047404952081e+00
1.049491489071079142e+00
1.071685499507279316e+00
1.052648826818105121e+00
1.047559454827602599e+00
1.073284016541578678e+00
1.035028023801266128e+00
1.067906703043792538e+00
1.059780130979474100e+00
1.054422887536162534e+00
1.033458476116471347e+00
1.045559200467272909e+00
1.025329936045495272e+00
1.038295389294122906e+00
1.069713053029083261e+00
1.023688838238679066e+00
1.009320417143056314e+00
1.045267179269314894e+00
1.061274906155943665e+00
1.092120478559017949e+00
1.054051526462771449e+00
1.037013672214101456e+00
