1.074257238325283081e+00
1.061205551445091988e+00
1.156001504374694511e+00
1.056320534412366952e+00
1.018682927143381489e+00
1.044940693575643342e+00
1.139544642697183807e+00
1.084464688935707244e+00
1.115036769765400670e+00
1.024896948243831041e+00
1.085847743088426798e+00
1.262243847179779443e+00
1.121589414528607831e+00
1.041728303947469403e+00
1.097663918611806455e+00
1.163027498196572029e+00
1.173224006777646267e+00
1.114474407554237434e+00
1.040931837450063568e+00
1.086402844405566670e+00
1.003966217413175821e+00
1.061732766762605307e+00
1.109419376560931925e+00
1.131977991221016611e+00
1.101840993896145982e+00
1.093497194632240932e+00
1.027734691333715977e+00
1.062110877529119257e+00
1.040436921275297744e+00
1.030989032379586279e+00
1.086673470246411144e+00
1.060310695202145270e+00
1.155871085371020568e+00
1.071264553254739571e+00
1.096753240698127962e+00
1.274282826812691560e+00
1.198570412543684238e+00
1.059999679918145254e+00
1.059539009934905129e+00
1.053359305658962297e+00
