3.440238092268461667e+00
1.737788804974407908e+00
5.010580568749886332e+00
3.567519248198190773e+00
1.518692688315644856e+00
1.207597948581600855e+00
3.534009389959317904e+00
2.858443841572419153e+00
1.438012521794557186e+00
1.876149736750744257e+00
2.420981629741007612e+00
2.359210200490425180e+00
1.116448974571199848e+00
3.771871496557780645e+00
1.712721333384435773e+00
4.307598811871501177e+00
4.127275359562517565e+00
1.679235397603977775e+00
2.154225649804876852e+00
2.127053850738104490e+00
1.806381280263387845e+00
1.708956381736824737e+00
1.919390701599624549e+00
4.694466860735533764e+00
1.996331813690243262e+00
1.731355074140803474e+00
5.952755481792598502e+00
4.207329876232507537e+00
4.797488404441576648e+00
2.081717497944697293e+00
1.994260506686039713e+00
2.391293570301921800e+00
1.628377770114243672e+00
1.638472454664640976e+00
2.842143067795068312e+00
1.121820169493264352e+00
1.631905877773942581e+00
