3.354135818127436774e+00
1.844461469446543767e+00
5.460086184822348976e+00
3.596093522108738227e+00
1.435565963032326753e+00
1.266633621836868118e+00
3.398199314021063344e+00
2.859003942904940754e+00
1.472228446383033296e+00
1.926946000691401872e+00
2.221184728288989607e+00
2.233585784790143247e+00
1.132706190294357818e+00
3.974260415533924284e+00
1.545201742999295025e+00
3.749950077963408734e+00
4.185972564662352902e+00
1.500137654071260984e+00
1.820464994530871516e+00
1.784895710023564286e+00
1.595438487573214603e+00
1.498690624941769300e+00
1.939324086927356250e+00
4.433682464797306544e+00
1.755979406877370419e+00
1.811455760159979222e+00
5.790041502755529201e+00
4.331230112063696680e+00
5.175895172403282452e+00
1.842239549168877000e+00
1.817935324254512430e+00
2.372624372767634160e+00
1.571285588938197364e+00
1.594510038095023008e+00
2.858774988776952686e+00
1.088062808686260263e+00
1.612371936743655754e+00
