3.378554928656991585e+00
1.641458075727687316e+00
4.101707722883862317e+00
2.948721775804834522e+00
1.646798623300165909e+00
1.240166925953952282e+00
3.305578295020760393e+00
2.467912168412845997e+00
1.538409392678179666e+00
1.820723935954986716e+00
2.263197123869173488e+00
2.029802987172439455e+00
1.179257719747544009e+00
3.399774593766003772e+00
1.771810085127085044e+00
3.319883929201523198e+00
3.876581169193715759e+00
1.791965300036926001e+00
2.066626531005810286e+00
2.131363191394442413e+00
1.820430168599738163e+00
1.757125679033480603e+00
1.983996388589525761e+00
3.658987884213668718e+00
1.903570829049659796e+00
1.677679863740357824e+00
4.955777426337943936e+00
3.834908778114956451e+00
4.045640161735393647e+00
2.078217106110104684e+00
2.036179580928751065e+00
2.441765687780482086e+00
1.787659164381020238e+00
1.662515851711564352e+00
2.765590850232553244e+00
1.143731671799367744e+00
1.593294479242981065e+00
