3.492031876766323872e+00
1.789111890810178185e+00
5.173231269235554208e+00
3.275563915637681678e+00
1.628882097077696489e+00
1.387258991168593969e+00
3.361573944778590395e+00
2.750650179613699731e+00
1.535975072835282340e+00
1.801032964250198987e+00
2.125033975483809900e+00
2.039667147865290353e+00
1.257293023604921345e+00
3.949676205124117878e+00
1.469128528189882710e+00
3.495956607917558578e+00
4.548047847857217718e+00
1.569206474506018578e+00
1.908596996546404467e+00
1.816000502163409136e+00
1.738611840945778253e+00
1.567464626695125540e+00
2.051728597526475628e+00
3.974489925197647988e+00
1.640401200097900691e+00
1.794308186978172737e+00
5.817013735423883780e+00
4.408469616613603037e+00
4.988891050505588787e+00
1.720101469335242550e+00
1.843291666226409609e+00
2.324403486400912655e+00
1.730058332285860923e+00
1.670057300582046711e+00
2.934663273866530808e+00
1.051749463636606263e+00
1.792296795341196791e+00
