3.413533077410999983e+00
1.659473881243048066e+00
4.189119879194076468e+00
2.994004164218787789e+00
1.657857486992538654e+00
1.256337961996149444e+00
3.343022544218870795e+00
2.582128640309777179e+00
1.541942437764930229e+00
1.853297110682240900e+00
2.317817204388640917e+00
2.042576949552174614e+00
1.194157211039910127e+00
3.555236377291065342e+00
1.810762162295626254e+00
3.521379109211525194e+00
4.032617291892136357e+00
1.790728841082217304e+00
2.019082049550101399e+00
2.092987474217008703e+00
1.779149254288231230e+00
1.736008876414904645e+00
2.021091500313998424e+00
3.782946508907119920e+00
1.967235257383247005e+00
1.682848446825564892e+00
5.280519093846389289e+00
3.859557779340209827e+00
4.126235673737603804e+00
2.092011725820779322e+00
2.050546216378762221e+00
2.464819971300017176e+00
1.742898452432640966e+00
1.696547667933215209e+00
2.814842965655789175e+00
1.132745659456709131e+00
1.627094131811195110e+00
