5.683246191415706861e+00
1.233495783013398794e+00
1.152129170924069257e+01
5.197991449388629448e+00
2.521516539951933566e+01
2.710344932002172857e+00
6.653013072975559439e+00
6.005989820039701499e+00
1.062336342021732349e+01
4.770174237861320776e+00
4.931458245326593826e+00
3.932707995527811473e+00
4.051065290900417892e+00
9.269695532169956564e+00
1.251184962887333718e+00
1.265826002142207862e+01
5.742705877204151044e+00
3.709029944444340199e+00
4.767460254427788158e+01
6.672107325362268249e+00
1.288148389812668457e+12
6.711755539660628322e+00
5.335930676369402548e+00
1.114795165640028074e+01
2.229934153205905378e+00
4.243684790148607000e+00
7.423557681556019531e+12
1.809944241672796039e+01
1.113901599612507098e+01
1.949837988113883647e+00
3.013006493148440601e+00
6.703204630078310799e+00
4.097924189695291375e+01
3.396268799650489001e+00
3.772328693001279376e+00
1.274937175602900430e+00
9.850710615494701727e+00
