1.124053704745131332e+00
1.154902363093267548e+00
1.027455200247857858e+00
1.202721159986028798e+00
1.185756906459304316e+00
1.160145036396980522e+00
1.292438909836411964e+00
1.108705164077161687e+00
1.129726508137697483e+00
1.287894773251486491e+00
1.002833361179455096e+00
1.004048013234726699e+00
1.191707746145126867e+00
1.063959528626996054e+00
1.030455199166158353e+00
1.026590911448788113e+00
1.065332016320586828e+00
1.102552841251055016e+00
1.013842488927289898e+00
1.014903438867528873e+00
1.012959234806328768e+00
1.048781254112735928e+00
1.126020677164358830e+00
1.100827780468227157e+00
1.019570537356730089e+00
1.226653569530517407e+00
1.000591214536992180e+00
1.003563652719471566e+00
1.080740321692471362e+00
1.225827214638094187e+00
1.091207605345933196e+00
1.052641863440241909e+00
1.184156072129131987e+00
1.215057438249933064e+00
1.040826195115685415e+00
1.004866760580394480e+00
1.051520591160856499e+00
