3.459321554131203680e+00
1.870240179758482668e+00
5.600124341772917624e+00
3.804529713341313624e+00
1.504792398284387378e+00
1.205601536663722939e+00
3.545897010706223096e+00
2.893667586400787251e+00
1.401505746870128633e+00
1.941528083391721893e+00
2.198204160204887625e+00
2.376800448135187871e+00
1.098659417859548348e+00
3.985740074077744222e+00
1.612494230608656043e+00
4.319711282964429522e+00
4.289154839764909077e+00
1.454647875775996857e+00
1.859480991252591364e+00
1.826527158519381633e+00
1.627666686977729649e+00
1.514217204696887809e+00
1.848865059393542731e+00
5.041342802998676653e+00
1.803724468955684168e+00
1.742327253252568209e+00
6.225070458072161195e+00
4.414581483062519851e+00
5.307814906185632786e+00
1.909020444828030350e+00
1.914701378343331983e+00
2.365498709059152382e+00
1.492636898871167794e+00
1.536194829274003748e+00
2.858368297735127239e+00
1.088629936947342225e+00
1.642052693984826117e+00
