3.296218469293204389e+00
1.702649303169960104e+00
4.741633314752967010e+00
3.399046410663586926e+00
1.522894259803255990e+00
1.196247731058879493e+00
3.447889871012254304e+00
2.749492693424924639e+00
1.460289292586372634e+00
1.798740566024303877e+00
2.341256496698957967e+00
2.250741167671585607e+00
1.126853448131202251e+00
3.555813068787153419e+00
1.750510934186574330e+00
3.952873804501745081e+00
3.913110387719374028e+00
1.731995982386931532e+00
2.187244724913249172e+00
2.177868599196638666e+00
1.850382306324609427e+00
1.763690651180446656e+00
1.864898044854615522e+00
4.282256799506843237e+00
2.008405209291862281e+00
1.647655989353491668e+00
5.434048855117170618e+00
3.986858541862615013e+00
4.534104465036589815e+00
2.137478761964447749e+00
1.981588429423358333e+00
2.394873007261563824e+00
1.661908906283976028e+00
1.605331144149707123e+00
2.719720195041753552e+00
1.131688089995539492e+00
1.596778475316347201e+00
