1.111005721848953964e+00
1.140007842933054683e+00
1.091920005523756121e+00
1.012234320826131517e+00
1.118452966482210043e+00
1.089535671834605868e+00
1.057972286414788687e+00
1.145883106163348764e+00
1.106785045909897569e+00
1.116325310817473992e+00
1.012011295646934261e+00
1.006920340898633137e+00
1.110061923371458370e+00
1.019846638156437058e+00
1.019678995407003130e+00
1.002361166648806368e+00
1.017856212643321712e+00
1.092313888803469357e+00
1.000779660535744631e+00
1.035682991138976883e+00
1.022353969822501929e+00
1.064809049689333431e+00
1.089781216126630259e+00
1.062727080335224006e+00
1.063634161336004968e+00
1.089640303712585911e+00
1.021288109902481978e+00
1.040575863977628801e+00
1.008218001462275693e+00
1.049499053860032394e+00
1.040844075851159900e+00
1.043828084416953850e+00
1.055175924061584558e+00
1.225776788433326381e+00
1.034455044859500239e+00
1.006688148351805534e+00
1.165238758619595583e+00
