3.870010455483606560e+00
1.732909819571264887e+00
7.187375472063221693e+00
3.670904306717756693e+00
1.920229466281199171e+00
1.523441345555989646e+00
3.526658631478708728e+00
2.782557886212042586e+00
1.547911621482632283e+00
1.710061149539459313e+00
2.210450869774800875e+00
2.045182211017294360e+00
1.467102644423792013e+00
4.805266461783546106e+00
1.263410412819047313e+00
4.201273231647201456e+00
5.929528932497002636e+00
2.138642628935217616e+00
2.739321905767012844e+00
2.813293083363021196e+00
2.268686143285369550e+00
1.927921893911882734e+00
3.062731041915748076e+00
5.076591472620899381e+00
1.468124307870010803e+00
1.740741955481647230e+00
9.560361429831115032e+00
6.894997171236767031e+00
6.610602917993845473e+00
1.509003902481617754e+00
1.897176673215879683e+00
2.764313991869276954e+00
1.759357447393572027e+00
2.101897904682374474e+00
3.373426917826611415e+00
1.020670281400193113e+00
1.892507204134201704e+00
