3.955216766626322045e+00
1.880414032234855926e+00
7.433731705478074048e+00
4.270211110623975514e+00
2.623758875392912415e+00
1.708075416891307929e+00
3.588600573915064817e+00
3.145849750859786020e+00
2.017869958209539405e+00
1.551947978723692056e+00
2.210567894620973473e+00
2.331910712469936975e+00
1.554262347646637288e+00
4.559130613579816860e+00
1.244029387995814417e+00
5.981989161819064371e+00
6.204468865916919817e+00
2.302771413619539853e+00
5.175941137748427678e+00
4.477982654209887947e+00
5.722676881656180825e+00
2.454748732034816694e+00
3.130914476549596870e+00
6.797477909735585300e+00
1.437491053342173863e+00
1.747827764592472022e+00
1.183667486622369402e+01
7.488235822507205874e+00
6.689882441111557831e+00
1.478469477646651598e+00
1.949896405615882511e+00
2.754876608160257145e+00
2.276722100001374649e+00
2.123639423136940430e+00
3.238972025129933652e+00
1.033457324695421065e+00
3.325862903528385317e+00
