1.117162442206004247e+00
1.145388425677873245e+00
1.115212911254641392e+00
1.015748416603618587e+00
1.117884330432317830e+00
1.090653457981968222e+00
1.067060659917342003e+00
1.127214389489227919e+00
1.086373320207923099e+00
1.109771294364067629e+00
1.006015753204662300e+00
1.003262505025648066e+00
1.123377167564202805e+00
1.021621461502121297e+00
1.019869155636323299e+00
1.003737739097864345e+00
1.017205937858564280e+00
1.075782359757759155e+00
1.001427113819508552e+00
1.038475396366518089e+00
1.025552172042311749e+00
1.055801461753898884e+00
1.091360299603574058e+00
1.074312816131702597e+00
1.059229306002494653e+00
1.083095539880949865e+00
1.021142668995687952e+00
1.055781578815333521e+00
1.004975708019354430e+00
1.045568931250554057e+00
1.048286986118471154e+00
1.037805204477094234e+00
1.068817295357023855e+00
1.228023609722217913e+00
1.029050065978814210e+00
1.010928302633255838e+00
1.168141476803407075e+00
