1.108331382653211516e+00
1.135743470259422683e+00
1.074711680138994874e+00
1.009781989799427793e+00
1.109829462739333472e+00
1.093571145827642699e+00
1.073750840918724192e+00
1.160466108745687341e+00
1.133187356000553647e+00
1.113074994296338271e+00
1.010736492914897422e+00
1.012560515952424245e+00
1.120642961527531289e+00
1.028364513945185799e+00
1.039469023393640779e+00
1.000143541524143753e+00
1.023824072336090518e+00
1.082692893954738222e+00
1.000618222265911905e+00
1.026241880546677532e+00
1.019503869039098509e+00
1.069187357955582840e+00
1.092821565553503627e+00
1.057317310816083822e+00
1.038870927558188662e+00
1.072204149774004245e+00
1.019224080022440360e+00
1.036880396995425002e+00
1.008284875269717329e+00
1.041947027164782602e+00
1.039798975622735933e+00
1.047709978512551876e+00
1.049390751317387016e+00
1.207977327771970755e+00
1.049469726115032309e+00
1.008474931705613864e+00
1.191084683618216289e+00
