3.477372304339252818e+00
1.646638726928297380e+00
4.273312363076642306e+00
2.995696298258073043e+00
1.697674430912818888e+00
1.265327677331951506e+00
3.441309828343604771e+00
2.591184709082687831e+00
1.512791548939477204e+00
1.809599614790842637e+00
2.279470350273772539e+00
2.061343206353687840e+00
1.182595837712124620e+00
3.521450088689425328e+00
1.802331567437758686e+00
3.594662018614230181e+00
4.104636924568881184e+00
1.667970751879726210e+00
2.097788793215965342e+00
2.114770232384443727e+00
1.831632635507009832e+00
1.742543514611944344e+00
1.939024787003252648e+00
3.841161454222744354e+00
1.961776510664270168e+00
1.631944086887647583e+00
5.316549594978563498e+00
3.826800877293611958e+00
4.231485599534809516e+00
2.086881577325811588e+00
2.072270229705766909e+00
2.414872705521833751e+00
1.659903463448344274e+00
1.650617925417737553e+00
2.800168119178334525e+00
1.134354635627873309e+00
1.662434844719464788e+00
