3.416486885743244439e+00
1.793958000308270684e+00
5.355574364405714327e+00
3.322033401030550781e+00
1.636231159726182716e+00
1.424039498862456732e+00
3.339791761085720623e+00
2.706812016020843537e+00
1.532489948403833013e+00
1.832419473596484050e+00
2.139886860417019587e+00
2.041910607323989435e+00
1.271797520889988542e+00
3.921500539860848011e+00
1.488827321033227014e+00
3.502945615795794332e+00
4.478786574200880999e+00
1.550335885129047409e+00
1.884152743484196035e+00
1.794011194773372120e+00
1.715429157834506890e+00
1.542651670979918510e+00
2.146954300233195223e+00
3.985920425239766640e+00
1.660964136219557519e+00
1.781068679495789731e+00
5.871248294179999050e+00
4.361057987274279846e+00
5.102078739088298676e+00
1.780349680517947952e+00
1.793787153083991948e+00
2.357120575021657505e+00
1.701966546366690425e+00
1.743592213951768777e+00
2.902074770216801713e+00
1.055446105472938934e+00
1.762021247501502685e+00
