3.689345980177856088e+00
1.856771343205650293e+00
7.639531448367380406e+00
4.691565052685087167e+00
2.555547724188599101e+00
1.695860715147422093e+00
3.661844292262422140e+00
3.738890531855037391e+00
2.104360766760594359e+00
1.532882107875612743e+00
4.602658041404906086e+00
2.705601648915444635e+00
1.542924608858269098e+00
4.560083577837758639e+00
1.759790940244824853e+00
6.659350075200750396e+00
5.246782054576526022e+00
2.180594021902956925e+00
5.286942269085208146e+00
4.572049497862689549e+00
7.633144320035967212e+00
2.503147721866366027e+00
3.249089896345913608e+00
7.349081195140276357e+00
2.092889628751336328e+00
1.785706968335445399e+00
2.179685405879583371e+01
6.769962055525637901e+00
6.737299184247934392e+00
2.029621223410908559e+00
1.850452418766166396e+00
4.629482412979184502e+00
2.056844329145283812e+00
2.240853905274760915e+00
3.156242385586307098e+00
1.004602507835682390e+00
3.207863939604983727e+00
