1.114579220367913459e+00
1.143792017331614730e+00
1.112861332164768902e+00
1.016061151062694012e+00
1.119217384612879007e+00
1.087698849903987464e+00
1.062699923337224961e+00
1.126687258468006769e+00
1.098727434193729424e+00
1.117599758700983381e+00
1.007527227542471371e+00
1.006961313279850723e+00
1.128292733979378903e+00
1.019514495178703406e+00
1.018559915385071291e+00
1.002711651861450726e+00
1.018760072993095012e+00
1.082646765721414939e+00
1.001318449234639196e+00
1.041473403091038641e+00
1.019499467745845100e+00
1.071235672934273797e+00
1.083317595680574508e+00
1.064546856793587404e+00
1.067880587341776266e+00
1.087487450800572519e+00
1.021119678627241401e+00
1.040068940894125493e+00
1.005309284482027055e+00
1.047626373227353191e+00
1.048437741674367762e+00
1.039281695818863538e+00
1.059697908775774744e+00
1.240294207356851919e+00
1.030537127345139359e+00
1.008584750386191331e+00
1.176990018738492960e+00
