3.434079408095471742e+00
1.703439500584309929e+00
4.958802428328525913e+00
3.476958570621819344e+00
1.454210796839173980e+00
1.190130287726417269e+00
3.555373010580503035e+00
2.783897239299966131e+00
1.452371051284858883e+00
1.783829589714846842e+00
2.457055603603049754e+00
2.317634027937260921e+00
1.115210631529832241e+00
3.749556160819044859e+00
1.741010288248425297e+00
4.172685544797602120e+00
4.096700943490387381e+00
1.682664656256382063e+00
2.050250895184203337e+00
2.063346966176741404e+00
1.723124806244806573e+00
1.659833401307793777e+00
1.876854578675369645e+00
4.518589411144284362e+00
2.031140257311876418e+00
1.692198545119055320e+00
5.886524559062404016e+00
4.186426678264703938e+00
4.775399748066807781e+00
2.134911127983244228e+00
2.001258945170717674e+00
2.391913025763171774e+00
1.613522099750849481e+00
1.636442812116899015e+00
2.764492431732990863e+00
1.108076740582431441e+00
1.546348418776775091e+00
