1.073389306709391811e+00
1.135569061969440519e+00
1.108994601811070790e+00
1.024812381103899606e+00
1.133216406025384204e+00
1.078236828212875587e+00
1.059062687927122548e+00
1.126832942724524944e+00
1.100518890979323761e+00
1.122416765096609481e+00
1.005189526412649137e+00
1.003601387539522438e+00
1.103372361614967323e+00
1.018432317993265279e+00
1.012087768039311220e+00
1.005389009089083796e+00
1.029878922706409572e+00
1.058943154536104769e+00
1.002265117014990103e+00
1.065557811365465124e+00
1.029773862585398270e+00
1.063799263181889776e+00
1.124223940692378187e+00
1.077894962336218398e+00
1.089879482207420258e+00
1.072179765378847627e+00
1.045548238087373738e+00
1.052449890758882178e+00
1.002690258151996083e+00
1.040617283288857831e+00
1.044993355883387043e+00
1.040024805942441732e+00
1.068416154752487079e+00
1.247803805410818700e+00
1.029789985749651748e+00
1.012794137543141737e+00
1.160023013505586453e+00
