3.396034927673382331e+00
1.776092485342741556e+00
5.302268580951489341e+00
3.297172416081340707e+00
1.642960589931988347e+00
1.485624692100569133e+00
3.310036237523902525e+00
2.695110346378634780e+00
1.571379379451328662e+00
1.808250142543052164e+00
2.122838681150582385e+00
2.045072447413613936e+00
1.346510863617126796e+00
3.920217451025107547e+00
1.476120543561395770e+00
3.488895273988167123e+00
4.462290915420171089e+00
1.672143321801290661e+00
2.128500702189146221e+00
2.038720390660698101e+00
1.898497832115804362e+00
1.671074294996220289e+00
2.125486844253448471e+00
3.951407782407104552e+00
1.662918165034138474e+00
1.761541914949561027e+00
5.831881379479548322e+00
4.406410017369582377e+00
5.049178412922416648e+00
1.766091586026555582e+00
1.775342273870383902e+00
2.341082239935752707e+00
1.830021426066096080e+00
1.725893660951657971e+00
2.884021997098025647e+00
1.052817623663026447e+00
1.766724783667643628e+00
