2.992001527037584374e+00
1.692403595593316545e+00
5.062089064468986876e+00
3.118927362130750947e+00
1.937732545832621778e+00
1.536241506502784793e+00
3.045121438479631681e+00
2.591839594727325391e+00
1.731008268073138456e+00
1.956181278137818946e+00
2.280220595151881913e+00
1.905522849697330212e+00
1.341374163124649188e+00
3.706184768705059085e+00
1.453416761292088744e+00
3.284870350425252106e+00
3.868421979399225830e+00
1.953506534426579622e+00
2.540738670462204141e+00
2.378051238239089926e+00
2.396700654209599879e+00
1.798553150165600023e+00
2.200270061129461219e+00
3.659187868410773259e+00
1.738104187653088273e+00
1.804846153659510399e+00
5.628021149558168901e+00
4.165533348953431414e+00
4.729905050715151660e+00
1.771168011536545128e+00
1.695230134830135071e+00
2.477329679046345490e+00
2.217374469286930605e+00
1.765414141837467588e+00
2.647193384206656841e+00
1.080816226630818999e+00
2.075895426619457140e+00
