4.113133850381578860e+00
1.459681331181574393e+00
9.701277301654268825e+00
5.324746999771207356e+00
8.400497440794723047e+00
2.160030878569493051e+00
3.964449975212838595e+00
3.222787014933020444e+00
6.640252757533676053e+00
3.524089132047806050e+00
3.616527198434489776e+00
2.613724377199100779e+00
1.961327998720243437e+00
6.464693576830025101e+00
1.439997094107118514e+00
4.859026827773046620e+00
4.600366449480800313e+00
3.862442708200916730e+00
1.396164918175293224e+01
8.375722568281952718e+00
6.116468185174442240e+00
3.630155473528348775e+00
4.105483564909950367e+00
7.690371430354385751e+00
2.186516693926124244e+00
3.181174940106620497e+00
9.898727686338846254e+00
1.123822307584916125e+01
8.020219094898337175e+00
1.964089863114611978e+00
2.066188040473846854e+00
5.279475667479943901e+00
1.360294533633546088e+01
2.495105147238983356e+00
2.806086572501134135e+00
1.273548906708312112e+00
5.783997109344316989e+00
