1.091801995188307783e+00
1.176328042360798687e+00
1.040292329546541161e+00
1.010380763163915896e+00
1.165215119726139115e+00
1.076898013394492759e+00
1.077146907263358822e+00
1.209065782618955920e+00
1.100728720966369645e+00
1.127166699216331835e+00
1.027744919033944493e+00
1.029800852199670214e+00
1.071721399984725265e+00
1.034643843610808078e+00
1.040951086854824181e+00
1.000230632312038903e+00
1.054538705734748394e+00
1.036108467898891217e+00
1.022633277875431901e+00
1.009751776822681357e+00
1.121127089508087149e+00
1.051582024274681393e+00
1.146804409684743176e+00
1.049625657905176590e+00
1.076880225292950133e+00
1.073274054141150957e+00
1.098456265542679500e+00
1.041285765196616753e+00
1.006523024384873288e+00
1.009855641953018912e+00
1.055231760425520804e+00
1.108992026401471209e+00
1.056903376444453535e+00
1.289198946120125200e+00
1.027733447141394807e+00
1.023218444235088453e+00
1.173739994813691512e+00
