3.450286094979186036e+00
1.746856564288717717e+00
4.996609621744014795e+00
3.581546155974277834e+00
1.515052138217732880e+00
1.215420645011818346e+00
3.537860286155273037e+00
2.853130421839319641e+00
1.448524777611067460e+00
1.850712800718588902e+00
2.469403693059501137e+00
2.375099261184264510e+00
1.120076590859903964e+00
3.765493876290608277e+00
1.726359603332820125e+00
4.326460644419524826e+00
4.129832915323821574e+00
1.663293512692407328e+00
2.155756871673722319e+00
2.119417330246868403e+00
1.808263939852334579e+00
1.684990415648424111e+00
1.907900899788056437e+00
4.672591975364161598e+00
2.026220938651586589e+00
1.727117148066745766e+00
5.922274390699674207e+00
4.217172692652942700e+00
4.788402912763976893e+00
2.112690699897280311e+00
1.999188712393567657e+00
2.421793121699265861e+00
1.600965718049953912e+00
1.641705765947625739e+00
2.826058695554714895e+00
1.121175468753778937e+00
1.634283385108706410e+00
