3.446041114128787441e+00
1.613672465327470773e+00
5.083925349771977409e+00
2.913730517947437981e+00
1.706202797743784361e+00
1.522795103240885739e+00
3.103330750513109138e+00
2.189052909377051215e+00
1.687263491820742756e+00
1.901595193849384913e+00
2.573134917310185177e+00
1.717125900305279007e+00
1.512190570027684755e+00
3.958273222050408435e+00
1.518324428619611366e+00
3.353638722752860346e+00
4.422009333508645668e+00
2.176219355289805257e+00
2.202366555721948060e+00
2.237791317468980523e+00
2.028868378246308168e+00
1.705188934386729249e+00
2.492193980557779742e+00
3.740868618930160761e+00
1.821177759326523926e+00
1.891227116177065071e+00
5.248543440781843650e+00
4.045583874465568108e+00
4.927120073807882861e+00
1.811357358771009674e+00
1.785887289385918120e+00
2.767580474346685637e+00
2.123692739656532158e+00
2.015587830321644347e+00
2.634749142476599637e+00
1.063677519624523615e+00
1.774610025693012405e+00
