1.071908640242168032e+00
1.187148695041416735e+00
1.022589555260835059e+00
1.010975864864310125e+00
1.087430665671037522e+00
1.112024467451539378e+00
1.086643584507200444e+00
1.274359912976566811e+00
1.148096863874662921e+00
1.119154680409277125e+00
1.041626913653271647e+00
1.042811135034065639e+00
1.070024261872249305e+00
1.024614492190015547e+00
1.028126570889209779e+00
1.001644185334814585e+00
1.040583547593818325e+00
1.057818882514524272e+00
1.012956469418965000e+00
1.013509103794818733e+00
1.075066545117717265e+00
1.050019992926266132e+00
1.132263773987603805e+00
1.028612954267187574e+00
1.054062920421990679e+00
1.066195761537156228e+00
1.064134329492982811e+00
1.041016486441436406e+00
1.000774369881096026e+00
1.011290863081549141e+00
1.044996425742874768e+00
1.064759458438927275e+00
1.046486790743561102e+00
1.287823467541685085e+00
1.027198890486720639e+00
1.042636951931135370e+00
1.142642421621068216e+00
