3.440947902450933515e+00
1.728767521689447140e+00
4.996670682272353226e+00
3.511040977472756008e+00
1.439391700044279077e+00
1.196199799651870732e+00
3.539692116552413115e+00
2.817380175472381509e+00
1.450384525765689103e+00
1.765665134154881022e+00
2.507816194935128529e+00
2.326963724600535244e+00
1.120853872314302002e+00
3.797553331905918483e+00
1.726610193435681895e+00
4.231536478069454432e+00
4.110118547423653901e+00
1.684556187554126394e+00
2.042302732974080381e+00
2.064798388159160059e+00
1.714830258701443011e+00
1.652991035439815848e+00
1.882392387662967792e+00
4.587382531958054344e+00
2.055122558698933677e+00
1.703221229697557071e+00
5.858579401877301862e+00
4.257298601904627944e+00
4.796760349629090037e+00
2.134446654817059752e+00
1.990649252249067303e+00
2.453180818768305294e+00
1.608821344112298490e+00
1.629448098601250727e+00
2.786256802757931972e+00
1.097588820878512061e+00
1.544676671761360698e+00
