1.111892037793955401e+00
1.234060777721629476e+00
1.207032602505646146e+00
1.027178200877298719e+00
1.268638247887362347e+00
1.697177953052659394e+00
1.150441456468792589e+00
1.049798731611560232e+00
1.328299934586014253e+00
1.417513274066900753e+00
1.174236702927554665e+00
1.248133615747202940e+00
1.131512484129113538e+00
1.062864583710867228e+00
1.153947965275962773e+00
1.308054996344221621e+00
1.197493625059251388e+00
1.234367747420388239e+00
1.059015186044883983e+00
1.204672451240242026e+00
1.179827886972037110e+00
1.099699277213899817e+00
1.300256510236750263e+00
1.481845283771924038e+00
1.222355008511879282e+00
1.531202450276863969e+00
1.014238801216460040e+00
1.219089607408353482e+00
1.143758596407971506e+00
1.165876170101792342e+00
1.182721185429717270e+00
1.226377950541288397e+00
1.180876016284635899e+00
1.697405565163508712e+00
1.164908398675571721e+00
1.021260216055287495e+00
1.242060788497652446e+00
