3.367984665021833024e+00
1.653986946285973314e+00
4.203835541477946691e+00
2.993360579869728255e+00
1.636645857470982124e+00
1.260041514000627583e+00
3.368591496018089604e+00
2.553892710258731213e+00
1.548709098554074792e+00
1.823543812110935969e+00
2.288393224087505562e+00
2.049553848362399400e+00
1.176378346439686640e+00
3.495499631795146112e+00
1.782902505407628624e+00
3.554501822166131308e+00
3.957125661918555970e+00
1.728542817908997886e+00
2.015148384307556828e+00
2.050799268416206633e+00
1.770025065267760933e+00
1.724802208722504115e+00
1.949226983078197195e+00
3.797552262157079195e+00
1.952484176549518224e+00
1.640726554517475178e+00
5.259434093999169946e+00
3.799484913916842732e+00
4.133644048625903622e+00
2.084156426569183207e+00
2.056470280476491830e+00
2.428161452780438712e+00
1.735709399167667755e+00
1.653811883496825397e+00
2.809891700938651482e+00
1.132230102635323421e+00
1.628937712642470226e+00
