3.316807242755298812e+00
1.665481927374542037e+00
4.118093705832134077e+00
2.994689257701100615e+00
1.669244104996971068e+00
1.252171701104586088e+00
3.267846938330199791e+00
2.436747518117593714e+00
1.613297644490529592e+00
1.784165347233990229e+00
2.238751617208877942e+00
2.017638702137413809e+00
1.194914506649387365e+00
3.372437560952834090e+00
1.749932683686954649e+00
3.207339972019256802e+00
3.759744252547794652e+00
1.859127266067894135e+00
2.151647532691113973e+00
2.203568604793249897e+00
1.909192707164053315e+00
1.839849411530047885e+00
1.991580342619678978e+00
3.614959792302974595e+00
1.885555687696036431e+00
1.683617369988085644e+00
4.890690204073673719e+00
3.804253648503593155e+00
4.035421345889399269e+00
2.046887754044809604e+00
2.013451502100719548e+00
2.421140198677186550e+00
1.867607873646127681e+00
1.698781892526570747e+00
2.711605718596865167e+00
1.129921120033176907e+00
1.638378881509454432e+00
