3.814170291175718042e+00
1.668231685917612728e+00
7.207896612320013219e+00
3.651660965166390937e+00
1.949211682520954891e+00
1.497391825898556572e+00
3.477922360828375137e+00
2.324910982876962073e+00
1.570824408294270613e+00
1.658385930880923231e+00
2.087151383994420240e+00
2.104725687657745592e+00
1.486776109915249888e+00
3.972948114573343847e+00
1.251902398620090118e+00
4.165914374534618325e+00
5.776274347694416278e+00
2.125384178837933735e+00
2.769833055899667773e+00
2.770727870594499098e+00
2.278354865318246603e+00
1.953537216325242243e+00
3.109285278880106418e+00
5.012810119537379094e+00
1.441228635051105433e+00
1.678130746162542986e+00
8.799363087928794513e+00
6.822113494826545832e+00
6.693162091757395515e+00
1.471699517965288306e+00
1.792216477192723811e+00
2.580241866509457971e+00
1.804954920061089929e+00
2.091499104045582147e+00
2.898140705958999863e+00
1.022411994198024532e+00
1.932798722112634593e+00
