1.088606852591764262e+00
1.141448603441464815e+00
1.113859824890309547e+00
1.020609629456622036e+00
1.142707695603205398e+00
1.081715156181652260e+00
1.055388551194111235e+00
1.119008111980390519e+00
1.085210428827759532e+00
1.118539627785215318e+00
1.006064174385837173e+00
1.001582664008183521e+00
1.094070429329692118e+00
1.018108828872903437e+00
1.010054158935715263e+00
1.004274021573809517e+00
1.023548565770973306e+00
1.061919419046435165e+00
1.001716131305433022e+00
1.054605068805276380e+00
1.030073126924683224e+00
1.065797247510551049e+00
1.126070384382805045e+00
1.082040089264461713e+00
1.080461037635972454e+00
1.066862109243650991e+00
1.049276537622620742e+00
1.052403732248553991e+00
1.003922915549672723e+00
1.049970063665991438e+00
1.050733881550696802e+00
1.039235152078439972e+00
1.061072665224271683e+00
1.254033532819162300e+00
1.032540105705459510e+00
1.009030350682398991e+00
1.174407272774877553e+00
