3.012672360670294758e+00
1.682782897947019851e+00
4.841738421251630342e+00
3.089185440933803317e+00
1.853611313436529739e+00
1.510912343325275131e+00
3.006825985628266196e+00
2.537515695564957596e+00
1.654734365211070868e+00
1.859855405104725357e+00
2.266429250736766043e+00
1.920817736587350444e+00
1.347584104628835933e+00
3.684815259589084846e+00
1.471176423993338478e+00
3.301330522930257416e+00
3.875872416870210113e+00
1.813830796106124188e+00
2.271147963395135694e+00
2.127963912220203202e+00
2.130178551108130591e+00
1.742614969864593188e+00
2.082258962399693658e+00
3.631897827066581375e+00
1.750867795300372176e+00
1.788324572328241713e+00
5.578068742215260833e+00
4.178654211018883124e+00
4.556334502176826007e+00
1.793027766883864338e+00
1.697376423641045351e+00
2.474019160590032129e+00
1.931845682817768139e+00
1.708559749063856437e+00
2.600409262442192393e+00
1.066892795613169520e+00
1.933315084257466010e+00
