1.066360217751120665e+00
1.175165309572870909e+00
1.024244593746332921e+00
1.017975105570025462e+00
1.087186896712672768e+00
1.093288990412447204e+00
1.088899571695844282e+00
1.282813299604284918e+00
1.172085450708063359e+00
1.110052287643776614e+00
1.032186023475715642e+00
1.033763037168173859e+00
1.084832362222692304e+00
1.028239092302071667e+00
1.024473900138898053e+00
1.003208385457847740e+00
1.056164327539416137e+00
1.084698514370918021e+00
1.016177953096648157e+00
1.025924300351192642e+00
1.066928513548663693e+00
1.046993149323885985e+00
1.155726365104547515e+00
1.026879673395861170e+00
1.045126466350492667e+00
1.063214014388909279e+00
1.073504863906274531e+00
1.039221041570123738e+00
9.999223329355880763e-01
1.012796589416805171e+00
1.030859692018954554e+00
1.069140964066394472e+00
1.054083602743426384e+00
1.268900579438840603e+00
1.029719343992754110e+00
1.052776429940759373e+00
1.136095206679408998e+00
