3.379979031877252904e+00
1.649474454267284784e+00
4.096717544951972378e+00
2.951454157661983935e+00
1.658254109567107726e+00
1.239510095932979006e+00
3.312307125779998973e+00
2.547568999846542059e+00
1.542220287203791562e+00
1.850544207458254542e+00
2.311688782111211093e+00
2.041034299035789701e+00
1.190037487147907802e+00
3.459380103849616805e+00
1.830081305845425055e+00
3.495727562684440848e+00
3.912050039348737851e+00
1.798107085163771934e+00
2.035382028032654667e+00
2.108512523273457173e+00
1.788231781038389201e+00
1.749784636399436932e+00
1.982196042388188362e+00
3.722560762440731086e+00
1.976171202934356330e+00
1.683377496444165011e+00
4.977401246100167320e+00
3.830511631062952560e+00
4.041197384960950600e+00
2.099620650916850018e+00
2.047187579093928456e+00
2.466838850777989034e+00
1.759159003744931837e+00
1.664782941448065490e+00
2.792883392717706137e+00
1.147278896016377114e+00
1.613465898796127229e+00
