4.262042366699112961e+00
1.748324708384640047e+00
8.009854000292614629e+00
3.751082374828055066e+00
1.995697207763591052e+00
1.537135399119864854e+00
4.015637293879840364e+00
2.373695243950704192e+00
1.605801864276243940e+00
1.702791748061597277e+00
2.124705456945734650e+00
2.174202645776019960e+00
1.553569187409454599e+00
4.258644376819571420e+00
1.270884883789000552e+00
4.190339369458827790e+00
6.613892733283231351e+00
2.207181297404758435e+00
2.839505798784935031e+00
2.907781800494811719e+00
2.305105960690390976e+00
2.099157208571059474e+00
3.317754413434526484e+00
5.123316121471368056e+00
1.463040720310874176e+00
1.714953544771226301e+00
8.349065517406502934e+00
7.148663625591952453e+00
7.576768956779702968e+00
1.519194834998446098e+00
1.936898282590172382e+00
2.654145974102740890e+00
1.839302762635238730e+00
2.189819662921117072e+00
3.044856718531581130e+00
1.016655317918395030e+00
1.986051088147296362e+00
