1.086529889346911748e+00
1.161954566329399530e+00
1.058644424596413947e+00
1.037092396495627122e+00
1.121634078430624903e+00
1.054392034571926873e+00
1.100712306022688880e+00
1.136619802135316881e+00
1.111896979417912323e+00
1.209407600988856357e+00
1.015933545198350885e+00
1.031202495621450721e+00
1.082355713189482316e+00
1.020043432989327759e+00
1.094047547909868801e+00
1.009499977926966885e+00
1.096801352595161871e+00
1.093677097528497733e+00
1.021639227238365644e+00
1.029898543422622437e+00
1.046284406306247972e+00
1.046922952634119497e+00
1.196575881323703294e+00
1.034161152062936573e+00
1.025153634793802393e+00
1.038368139306640625e+00
1.036683918539695437e+00
1.046428744711663361e+00
1.000358892997398774e+00
1.061119951649851068e+00
1.056982546742778251e+00
1.092240699959552419e+00
1.106806594520616027e+00
1.267178210423838047e+00
1.036749208424445179e+00
1.011122420218777407e+00
1.149665515655353465e+00
