3.431140724192716984e+00
1.708310915385245154e+00
4.938725740268115949e+00
3.499710257049898576e+00
1.469456487937307765e+00
1.190675415445733076e+00
3.573621731493207054e+00
2.811535587657739921e+00
1.441841319728160098e+00
1.805418113271741953e+00
2.394959054455241709e+00
2.340015438054433794e+00
1.112639316715025695e+00
3.763445811529176233e+00
1.763051940654950966e+00
4.185062117602497800e+00
4.073916823804612619e+00
1.690069320414394616e+00
2.062551243654239030e+00
2.075701874698762328e+00
1.736307860368373479e+00
1.671830782491230849e+00
1.873283901513685956e+00
4.507157825945544261e+00
2.042428216893678705e+00
1.669660756177700600e+00
5.882195741510219733e+00
4.211736282649666485e+00
4.753832372402976958e+00
2.156686877410662007e+00
2.022084349068757891e+00
2.393362227103153828e+00
1.619688973893154582e+00
1.632844599976899680e+00
2.781513380473610741e+00
1.123910659507020515e+00
1.548476816925842048e+00
