1.125577001537181765e+00
1.214163646170393962e+00
1.051340680108978409e+00
1.053060404676925188e+00
1.155910312197990786e+00
1.062250930837625340e+00
1.142452866996896077e+00
1.164075651394825828e+00
1.127987658563213591e+00
1.186870227932666833e+00
1.012922016207124409e+00
1.012626947106265218e+00
1.085377619003706107e+00
1.011380141640878971e+00
1.089821547257881162e+00
1.013832827611367060e+00
1.101352439179877907e+00
1.080718891023813910e+00
1.009431162633199985e+00
1.014895230786913460e+00
1.020735346244802999e+00
1.047764370327918693e+00
1.177412975271703743e+00
1.081887636655246787e+00
1.044694504661923817e+00
1.047097436878017040e+00
1.020124213953839787e+00
1.024696687758985592e+00
1.001746178782451757e+00
1.084068093898437946e+00
1.100633125026234449e+00
1.085465212477263242e+00
1.159825528035244080e+00
1.250013314302098610e+00
1.053994308391515755e+00
1.009352540836141898e+00
1.172825796501879569e+00
