3.326539143775717466e+00
1.702903788806771734e+00
4.063864005017267189e+00
3.029361778495014867e+00
1.736230685908650706e+00
1.297764231019530534e+00
3.219165022359592232e+00
2.476345003390895361e+00
1.619714659368807208e+00
1.790022654856915363e+00
2.149566806504192851e+00
2.078347742192596215e+00
1.202909744401531977e+00
3.424822031285584600e+00
1.768809831103047125e+00
3.254474042456072524e+00
3.757919125938849358e+00
1.818386851419725225e+00
2.143386216028211777e+00
2.159486789227948567e+00
1.895930421310809688e+00
1.787342282684233563e+00
2.068117442808496076e+00
3.604843377650652769e+00
1.859240205629789422e+00
1.642927936491936025e+00
4.751115156566068087e+00
3.899274087187261539e+00
3.995355121872231408e+00
2.012006973783620811e+00
2.001663258543012525e+00
2.385888201734975400e+00
1.920322411118477790e+00
1.770943166613685227e+00
2.718445749602022676e+00
1.128048471262037999e+00
1.720043363953048132e+00
