1.111543912725479366e+00
1.138209964869758561e+00
1.073855859136648050e+00
1.009533956497347340e+00
1.108123897415280723e+00
1.096068623193007241e+00
1.074751077573897318e+00
1.151548340207441345e+00
1.122627962427356518e+00
1.108269796577501465e+00
1.010618973679163313e+00
1.011106179904124547e+00
1.118260925991857890e+00
1.028327676111057354e+00
1.037309065933425645e+00
1.000106177965564891e+00
1.026519437712435590e+00
1.085313004650679813e+00
1.000218967716271390e+00
1.029887461221126621e+00
1.020364713260954348e+00
1.076211839546624249e+00
1.100183749690430979e+00
1.060167956842106962e+00
1.046019419588530841e+00
1.074678544240798672e+00
1.018924375151615047e+00
1.044753615410586756e+00
1.005436503843423646e+00
1.043495680240341894e+00
1.042984394501552448e+00
1.045128278937428101e+00
1.050088172550465604e+00
1.204222050613400041e+00
1.045185220973849249e+00
1.008352094829724654e+00
1.175708847044766969e+00
