1.094063809577270563e+00
1.189795793398074508e+00
1.063898378967910618e+00
1.032466867689913359e+00
1.108915455234896541e+00
1.083226016988834584e+00
1.115305088524669364e+00
1.220114584304889505e+00
1.108247508987061147e+00
1.142906833721264004e+00
1.018206784402684750e+00
1.011840449529753938e+00
1.133805840100244655e+00
1.025961188767442245e+00
1.015746807049915823e+00
1.001355665423165009e+00
1.041183290372453163e+00
1.061192064291244463e+00
1.006266280156891790e+00
1.061045733447640638e+00
1.055962102858840845e+00
1.064712688190295520e+00
1.116034701712337096e+00
1.039751434129237984e+00
1.039527526325252360e+00
1.071445009811042626e+00
1.121465974367793272e+00
1.062951741631898095e+00
1.000622497743351103e+00
1.017141137691440544e+00
1.027214176503228105e+00
1.075324235980643417e+00
1.082952882873738698e+00
1.267561292425577912e+00
1.029102204636339613e+00
1.029775799053683327e+00
1.167394758908179009e+00
