3.410337847293176239e+00
1.767250875990920012e+00
5.213436316460263065e+00
3.325212656838876235e+00
1.541083343232829028e+00
1.338726042472818900e+00
3.331039476571085789e+00
2.709060183967397784e+00
1.478739424942359548e+00
1.809909676144568325e+00
2.081349298511347090e+00
2.064841140080304172e+00
1.207104187465175116e+00
3.991842725005816828e+00
1.490977317504346367e+00
3.479890354085436677e+00
4.437091410184443419e+00
1.555668735763882982e+00
1.869103735800672350e+00
1.801455950525829186e+00
1.650634936056462942e+00
1.523326978796411213e+00
2.028844351448576777e+00
4.090999979043477452e+00
1.652420242935850325e+00
1.747588039416323902e+00
5.938924350891846338e+00
4.377837212078330431e+00
5.018696099576202663e+00
1.726742565614606040e+00
1.811672253943736877e+00
2.240442510496359230e+00
1.681211745513925049e+00
1.662906258870330944e+00
2.922398162509896924e+00
1.060445385419719111e+00
1.686922077192923419e+00
