1.087030388885860788e+00
1.174288057131642971e+00
1.076864499243316065e+00
1.028788221162953986e+00
1.093953187569396412e+00
1.088510216724122959e+00
1.070859936766731746e+00
1.175197080697950147e+00
1.098626930004185098e+00
1.137753020550456684e+00
1.010666277415423364e+00
1.004051276880050025e+00
1.146478379767460032e+00
1.014869669591846879e+00
1.008415129728985393e+00
1.012955308296861423e+00
1.029165528139793118e+00
1.092957705761991694e+00
1.000187001312438095e+00
1.064305151777495961e+00
1.046248172110503249e+00
1.077239407155189843e+00
1.115783763092845327e+00
1.062056770540930284e+00
1.071925044221301748e+00
1.065224368867248250e+00
1.064158644894418249e+00
1.065123354650061138e+00
1.001583441538021813e+00
1.020303078715485867e+00
1.040402544899384107e+00
1.069441611247497370e+00
1.103043162447463477e+00
1.263144595768404876e+00
1.046476879475345179e+00
1.038017734487507227e+00
1.186918425252846854e+00
