1.073499754988614052e+00
1.142250130099651706e+00
1.114342087257156111e+00
1.024711087539940335e+00
1.131457734920412239e+00
1.082904978913367344e+00
1.061649832811616179e+00
1.132861295528731160e+00
1.098002688225683032e+00
1.133004172713504509e+00
1.004654133389556447e+00
1.003458544215777293e+00
1.103757137877507510e+00
1.017347205045496139e+00
1.012309837080056729e+00
1.006588890222094301e+00
1.026319766970089420e+00
1.059519021501703628e+00
1.001832515389909695e+00
1.070698048219181686e+00
1.031405790995606697e+00
1.066891577718340089e+00
1.121973760659908947e+00
1.077340413709626077e+00
1.092239984154720567e+00
1.073441337228464576e+00
1.044305354567550692e+00
1.055096534800612273e+00
1.002203135111670473e+00
1.039381921659901176e+00
1.050695371013560253e+00
1.041683239967539976e+00
1.075264067118832267e+00
1.263989842413075548e+00
1.030071691640628284e+00
1.016189994775557270e+00
1.159179727910159219e+00
