1.076896542601880391e+00
1.186986074396658042e+00
1.045401891841788888e+00
1.019399543694678778e+00
1.108334101966480301e+00
1.088716444443325271e+00
1.089611575499387808e+00
1.300567876707746429e+00
1.141154897804604440e+00
1.141060350012470304e+00
1.025318624780819921e+00
1.024543821048020220e+00
1.115672940443434236e+00
1.036709606239056836e+00
1.026422056389747484e+00
1.001566641015775083e+00
1.041707825464849524e+00
1.054931187471111809e+00
1.009659906417064601e+00
1.063380635797833484e+00
1.076821473876845348e+00
1.059464724444301176e+00
1.105325704249936036e+00
1.030950490352253945e+00
1.038376564365185661e+00
1.071398524088992277e+00
1.105944145378636279e+00
1.061353394674384942e+00
1.000169593062859130e+00
1.031283710180004309e+00
1.017960007704370673e+00
1.106138304428615715e+00
1.056979983180736049e+00
1.274876588418562440e+00
1.025484954873224774e+00
1.038509588919710014e+00
1.133393905521866918e+00
