1.094451216050996711e+00
1.187705927329854472e+00
1.063205828573153600e+00
1.032953014600881181e+00
1.088681578687995311e+00
1.079280514064563157e+00
1.098260441579102409e+00
1.199517032498946367e+00
1.110717104009273370e+00
1.127612188536894156e+00
1.014829353002837831e+00
1.010041091148271342e+00
1.133214109413980486e+00
1.020299143341711900e+00
1.015916603855377964e+00
1.000708431020541855e+00
1.039691222332245868e+00
1.062379780965012399e+00
1.006196631716621104e+00
1.046726761795422567e+00
1.060433459528222322e+00
1.066257102524629463e+00
1.113126126461424725e+00
1.048717036915476131e+00
1.039952811128918464e+00
1.074738586203901614e+00
1.112137188582886571e+00
1.057637373976759720e+00
1.001282270929839902e+00
1.018642137143443094e+00
1.031505914312480732e+00
1.073042233998927619e+00
1.082414975114437627e+00
1.244524273708272233e+00
1.028638207353743228e+00
1.029752172160053769e+00
1.171269583300498018e+00
