1.100820779614903655e+00
1.131897154031325181e+00
1.068299002184198709e+00
1.213758934354199459e+00
1.205763389373111227e+00
1.176244492591350665e+00
1.314010322615623227e+00
1.083252623277128235e+00
1.072556013414868836e+00
1.261437376176273606e+00
9.999347501141174765e-01
1.001809019207365870e+00
1.260104322520580800e+00
1.113776782567664547e+00
1.039677873562579791e+00
1.048115378603182046e+00
1.056070008468809052e+00
1.089948668062098891e+00
1.021723833097768930e+00
1.012494749261401816e+00
1.037505954721200885e+00
1.068080021594398188e+00
1.096478396715802717e+00
1.154301355685995567e+00
1.078675082309388689e+00
1.280566969328494009e+00
1.000714578870541827e+00
9.999378305238164621e-01
1.130432805504836269e+00
1.146872382772421206e+00
1.059028997807481831e+00
1.057190754583507530e+00
1.183358954121218831e+00
1.254625670561052786e+00
1.093432089995575396e+00
1.033155797426667855e+00
1.033697260005087104e+00
