3.516762103583856547e+00
1.694753733753842528e+00
5.094858779761188394e+00
3.504940442256504252e+00
1.489054871620857368e+00
1.206288550835151296e+00
3.554124817458871544e+00
2.812082543408519264e+00
1.409110459301324170e+00
1.806562369241402788e+00
2.402189530308895371e+00
2.331346476668513024e+00
1.110216857450648797e+00
3.826039925413072584e+00
1.713390872920943053e+00
4.336552114486790011e+00
4.088837517235817565e+00
1.610868934550409026e+00
2.071776009599188839e+00
2.009578873225978946e+00
1.741274500079337706e+00
1.672005074990033702e+00
1.834865133578668983e+00
4.618221288272120084e+00
2.001939320473918205e+00
1.676946349963958749e+00
6.006870196205914780e+00
4.248903525431793504e+00
4.916804104806455022e+00
2.072107342833398036e+00
1.974403332467887573e+00
2.380379005972985684e+00
1.573895842925825850e+00
1.582372614151188905e+00
2.803633544528254085e+00
1.100979470808391314e+00
1.584770836938561134e+00
