1.031922299760483108e+00
1.032357391308923233e+00
1.054378317904179241e+00
1.302748902523861663e+00
1.080494314141271284e+00
1.129449070763473451e+00
1.044528383705520369e+00
1.027365909801567945e+00
1.069637763372530470e+00
1.004469931029257523e+00
1.054326632274208420e+00
1.030455468349559700e+00
1.127727842276432080e+00
1.020387088898236927e+00
1.024081526691503763e+00
1.017218536623699876e+00
1.010273302622482827e+00
1.087225549904939470e+00
1.083789807758665624e+00
1.021017818850325387e+00
1.027184090075116574e+00
1.071773019393546855e+00
1.073146861593629042e+00
1.021300058605316918e+00
1.015276997943411752e+00
1.018553986218057705e+00
1.033675888431973444e+00
1.044284637766112578e+00
1.019979323207382160e+00
1.137826466384691093e+00
1.059372474302125777e+00
1.009773703728504612e+00
1.018847677036923915e+00
1.001285055639402843e+00
1.153506978942321126e+00
1.072946919404779154e+00
1.047817312328035655e+00
