1.113384062011440578e+00
1.149085778031889937e+00
1.077303208469453155e+00
1.008196123977094683e+00
1.113671847919153413e+00
1.092677555486766927e+00
1.083010121044425844e+00
1.162531244846307432e+00
1.130617102792240702e+00
1.110156750261042991e+00
1.010686003112184483e+00
1.009973026562930976e+00
1.124581456540177493e+00
1.030919773742180912e+00
1.034406905508060692e+00
9.999687058493997860e-01
1.023898956238743718e+00
1.096101938379956175e+00
1.000474804933599859e+00
1.032620825471522119e+00
1.018974112726467318e+00
1.077122630342649323e+00
1.110000002844764078e+00
1.060018417432075921e+00
1.047375004064416970e+00
1.076466937268309998e+00
1.021787217726413788e+00
1.045027563575387397e+00
1.007319614581764000e+00
1.049497620497667816e+00
1.045855699493860813e+00
1.046121273497179649e+00
1.052819454959390999e+00
1.208295729775670235e+00
1.043254783747962211e+00
1.009860556534114107e+00
1.180219168731772239e+00
