1.069670549808463766e+00
1.167509405928610411e+00
1.032961993853787952e+00
1.020531101736106727e+00
1.105912647536416049e+00
1.092883213795214692e+00
1.086036764194508342e+00
1.259978937560334966e+00
1.147933031368874479e+00
1.118847915190882114e+00
1.030348762948559704e+00
1.046216707380458910e+00
1.095495528288091602e+00
1.031212022094684544e+00
1.023628500913162265e+00
1.003736164605338876e+00
1.057303150002752101e+00
1.079786064622174857e+00
1.010155363990370425e+00
1.034618772773823636e+00
1.061268772742905320e+00
1.059252296786711289e+00
1.144408741187461498e+00
1.028675123287672299e+00
1.040911183881453539e+00
1.072668960763846657e+00
1.098305850361381619e+00
1.055027669601333207e+00
1.000695813286980762e+00
1.020427897639214709e+00
1.026676399554343089e+00
1.082779921835794967e+00
1.050884153975025770e+00
1.279930649439184220e+00
1.030048135990401237e+00
1.047462780345334910e+00
1.133477140568502017e+00
