3.796511990650956125e+00
1.853961451473422173e+00
7.713026372742199932e+00
4.825610689492724426e+00
2.637911388619309960e+00
1.701822038756625632e+00
3.784663072384339522e+00
3.852553109792870245e+00
2.030061757863055760e+00
1.567375839604845833e+00
3.315095924298331553e+00
2.720950337815970066e+00
1.521667504575057173e+00
4.570899075472331319e+00
1.799101745463561164e+00
6.883374597404579021e+00
5.522974620202167451e+00
2.199918070380893376e+00
5.352499392085168672e+00
4.540429350911157513e+00
8.044656732253882225e+00
2.611101364300527639e+00
3.333374501126538991e+00
7.621731126266759304e+00
2.115287194489300582e+00
1.731533317752309564e+00
2.256731484071744021e+01
6.775476872484720303e+00
6.806296274385649880e+00
2.025377283313450683e+00
1.950985473351371180e+00
3.845428970093424326e+00
2.111343252577285945e+00
2.298347741943592482e+00
3.231641770930242963e+00
1.012024280326201842e+00
3.230419659935829912e+00
