3.334121902071484289e+00
1.681808786308121917e+00
4.334265176734253266e+00
3.088159417469429346e+00
1.619056436741901805e+00
1.221942344703978334e+00
3.348873794637068801e+00
2.562351588326075458e+00
1.484911162698139719e+00
1.772150332221013924e+00
2.366147906743437446e+00
2.107884154934662302e+00
1.146539047628890140e+00
3.492237387954874706e+00
1.837747387215152628e+00
3.653981381798622419e+00
3.920685031732160208e+00
1.628484161762821403e+00
2.075145100223139583e+00
2.064879658005446927e+00
1.794713328685655140e+00
1.702888191807587326e+00
1.929850479416574505e+00
3.965273119636319343e+00
2.051271112638321181e+00
1.615808869986761875e+00
5.228589358483764826e+00
3.862120985148456587e+00
4.246020860079811499e+00
2.145279121692591495e+00
1.983295085444032768e+00
2.416389188382165099e+00
1.609687817248234953e+00
1.656309290179682758e+00
2.661048967895130790e+00
1.124732239010434620e+00
1.629361902557366237e+00
