3.413185096676818020e+00
1.670138338541335088e+00
4.207605497086103874e+00
3.006709363229921994e+00
1.658319898610398191e+00
1.251396567203558075e+00
3.366357624867095222e+00
2.588984113737589965e+00
1.536874104923873663e+00
1.862845682145861215e+00
2.293432215289738174e+00
2.056739948080560154e+00
1.186625474230809330e+00
3.545933633396734841e+00
1.802423042561482447e+00
3.549423754182289059e+00
4.014695252997752206e+00
1.782623872556254430e+00
2.013450437621882916e+00
2.087881063876521726e+00
1.773641952218071527e+00
1.734942609654019918e+00
2.015884839737696055e+00
3.809191234310859819e+00
1.960766285619440108e+00
1.670766959744663716e+00
5.284588373544878870e+00
3.837358897963304205e+00
4.142905393546694626e+00
2.075498583449734813e+00
2.057798971143599776e+00
2.452872164296070245e+00
1.737915882843560578e+00
1.689387745347747272e+00
2.818957637170369068e+00
1.134771564167791347e+00
1.622933278884500563e+00
