1.118358025972560510e+00
1.146746220237454095e+00
1.119186648799827211e+00
1.017484087434170181e+00
1.124943892716936400e+00
1.085125716782441296e+00
1.071853121609736448e+00
1.128465027775585661e+00
1.097331931291773977e+00
1.113256424628388253e+00
1.005364165915160202e+00
1.005276231929882247e+00
1.128999721653253019e+00
1.019026459979620380e+00
1.018136783157937542e+00
1.003078198169191193e+00
1.016956501987970496e+00
1.085071766766490198e+00
1.001477558262365841e+00
1.037400698485495765e+00
1.017984632465046779e+00
1.064737050464325874e+00
1.097918369877704636e+00
1.073951599475554852e+00
1.066437929970346365e+00
1.084454336784366868e+00
1.020347159240489798e+00
1.045879866891831655e+00
1.007608057458043938e+00
1.052680653193863947e+00
1.050709524374157100e+00
1.039625553106529710e+00
1.067583939362961143e+00
1.232684900656307203e+00
1.029269284137112495e+00
1.008896179697012396e+00
1.173599084488581079e+00
