1.083410215023889567e+00
1.142981162940387208e+00
1.111063444769416320e+00
1.027488107727445588e+00
1.147617282803282457e+00
1.080221343134156076e+00
1.056862845536884254e+00
1.123297438873011478e+00
1.093195931665030152e+00
1.117604145727005838e+00
1.007179370301046539e+00
1.002529668249159345e+00
1.106245243099979847e+00
1.017909688641323473e+00
1.012974416936292421e+00
1.006467926122769141e+00
1.026016585340058462e+00
1.065587432086805286e+00
1.002952781159538898e+00
1.061412531790455915e+00
1.032026498723381369e+00
1.059166659181213221e+00
1.129420776835508677e+00
1.075659414048569351e+00
1.086451724852560696e+00
1.069452947328235481e+00
1.045204077991044977e+00
1.048773417797913554e+00
1.002657670058390238e+00
1.042847317378156724e+00
1.052732952601473704e+00
1.039652061537457151e+00
1.068142660877938299e+00
1.249468673125462281e+00
1.032614062590929249e+00
1.010132147481038078e+00
1.163319531953804997e+00
