1.085685609214247727e+00
1.148635662403731050e+00
1.111133496813649701e+00
1.023186990630967186e+00
1.139287045895330586e+00
1.099874200726102647e+00
1.053753079351580579e+00
1.122953945992985370e+00
1.083517476023640791e+00
1.128367698347487513e+00
1.004211622528719872e+00
1.002264725877931806e+00
1.095098333515599043e+00
1.019175354811601153e+00
1.015019511620641968e+00
1.004574762059260662e+00
1.028312519521357826e+00
1.067117143395387879e+00
1.000712961204152762e+00
1.053497051012835417e+00
1.031491758947714388e+00
1.060292795407122179e+00
1.124400744633996529e+00
1.082843082986334027e+00
1.083243507189407318e+00
1.074889985741553700e+00
1.049929145276895071e+00
1.060030745746448400e+00
1.004987692054584159e+00
1.054581434207900070e+00
1.059906898018216248e+00
1.039971866350377860e+00
1.065648654914155058e+00
1.234648617516980407e+00
1.031077577474925011e+00
1.012297757103850282e+00
1.177922654298076299e+00
