3.246653572245846942e+00
1.692006226116836487e+00
4.617508339786709826e+00
3.368520241089068445e+00
1.573336801933191920e+00
1.200199694391827165e+00
3.310683115619073469e+00
2.564469238703976917e+00
1.478187266432843039e+00
1.775490873415220605e+00
2.349343931896223481e+00
2.172089016802551509e+00
1.131038949949297434e+00
3.487928803773297837e+00
1.802645520722549355e+00
3.754341949116631216e+00
3.882970497811391031e+00
1.727584475216031423e+00
2.478963539480223410e+00
2.423926745583787401e+00
2.038207147578006584e+00
1.895152835701841010e+00
1.881050458848644746e+00
4.200271704162646280e+00
2.032291662358957751e+00
1.598328956716103644e+00
5.158093583754657985e+00
3.814864677887340072e+00
4.412839495749699026e+00
2.207487044880370952e+00
1.945794198543623343e+00
2.450088174738717761e+00
1.706968986789126230e+00
1.623113013290445217e+00
2.664449136730789647e+00
1.142877424234537864e+00
1.615908135627975861e+00
