3.393551500659655051e+00
1.716015905723424106e+00
4.131074977610708743e+00
3.062817439582342427e+00
1.742320534135079368e+00
1.259409521650099339e+00
3.279992959947191089e+00
2.528555429036975610e+00
1.583395042532883101e+00
1.787606947091768816e+00
2.113430810694589823e+00
2.106855239489746179e+00
1.201345376746292937e+00
3.518018238883619642e+00
1.777127490266569465e+00
3.319980059949519724e+00
3.835066143772801972e+00
1.733992735051181899e+00
1.958135228231158820e+00
1.927910470198973325e+00
1.796931495780364596e+00
1.734828720146893488e+00
2.053223623716285751e+00
3.667795472382096467e+00
1.845275641531135102e+00
1.630234078368133943e+00
4.793010205594304907e+00
3.966747730581953846e+00
4.073600040905907882e+00
2.004532263078121268e+00
2.020789147325303681e+00
2.399162366055935358e+00
1.889467244510772526e+00
1.742409726170226714e+00
2.774144028860492828e+00
1.127394099747253353e+00
1.683331914090780757e+00
