3.370739758548570997e+00
1.711131047577036490e+00
4.140504249697859684e+00
3.068240085425124164e+00
1.745995040170444268e+00
1.277829905003683875e+00
3.271699523783210939e+00
2.500788489479094601e+00
1.605956694116978944e+00
1.804906308938321935e+00
2.125711916258330003e+00
2.100176550474225134e+00
1.194894669734692272e+00
3.506277449671683311e+00
1.811538689771735156e+00
3.292428653532143645e+00
3.800684177152673371e+00
1.747144581507015015e+00
2.035633918150993704e+00
1.985404953429682040e+00
1.853820745696511452e+00
1.762231709599877627e+00
2.051645277900133735e+00
3.672853937873598262e+00
1.872196650545935315e+00
1.624115656263804386e+00
4.834038654388256084e+00
3.952270956478925790e+00
4.078174921802677488e+00
2.034142942475408944e+00
2.013430360582097123e+00
2.402654999608968112e+00
1.935820212934237894e+00
1.747455696835799044e+00
2.756041511923240872e+00
1.138869369753352290e+00
1.701580961427757277e+00
