3.467034514544862667e+00
1.772995451458348359e+00
5.165561801350188276e+00
3.242769213978446530e+00
1.644841601890138616e+00
1.380150001402527637e+00
3.359644005806060818e+00
2.752804992249357596e+00
1.526320371417295707e+00
1.840408869672576220e+00
2.140725462163175941e+00
2.024432908899302497e+00
1.261813349804910445e+00
3.942428430172240095e+00
1.526997594660266744e+00
3.457274255558602238e+00
4.531024238908066160e+00
1.557291562234120796e+00
1.890428989004356408e+00
1.799770641628381851e+00
1.732135397620178541e+00
1.556368182411313361e+00
2.029811396545263324e+00
3.912237173507495225e+00
1.682543665316626802e+00
1.797040748266778287e+00
5.864537339418304462e+00
4.362705447089180844e+00
4.975005750002959637e+00
1.786368720125989018e+00
1.834639338227220362e+00
2.347025715814464064e+00
1.711825687282601871e+00
1.659774741070639159e+00
2.934612690989748973e+00
1.064497567970714931e+00
1.777043835703586039e+00
