1.104328933368641463e+00
1.140277838530727283e+00
1.091046776580253841e+00
1.006370350944837400e+00
1.114918909374583489e+00
1.093362235796478510e+00
1.076414125025727531e+00
1.160690402492525752e+00
1.126312654216024001e+00
1.117366248489126912e+00
1.009162877087412591e+00
1.009956681707613990e+00
1.122417590898505679e+00
1.032919474653755998e+00
1.029763302919414425e+00
9.999798253523599634e-01
1.025282463630900365e+00
1.096201617415691221e+00
1.000550789502458793e+00
1.035488764373981185e+00
1.023361657991205265e+00
1.075462386709958196e+00
1.103858447152656685e+00
1.055763789793082275e+00
1.053096692946007051e+00
1.082883462288345644e+00
1.022697418038871264e+00
1.044758934033461761e+00
1.008705930806723883e+00
1.049717870048251234e+00
1.046734065077308262e+00
1.044089605561960843e+00
1.052853295186979565e+00
1.211188186210446549e+00
1.040976307385053312e+00
1.009407538606668986e+00
1.170564622406364608e+00
