3.299898339339669917e+00
1.695435206135969874e+00
4.670222077881667211e+00
3.358283617074228733e+00
1.514416811082337055e+00
1.191407091725210865e+00
3.414828382739193202e+00
2.725343493713749954e+00
1.471926693025993549e+00
1.786251066778173024e+00
2.374900794224115153e+00
2.212184908262703420e+00
1.133478820781116836e+00
3.532940691239562891e+00
1.772553014999115550e+00
3.829534305937924099e+00
3.922073391185999736e+00
1.781924452484783483e+00
2.255062299883061172e+00
2.263112870117794273e+00
1.890653251017133218e+00
1.809948973807629979e+00
1.850354306935594551e+00
4.196352556965518232e+00
2.043394595304683037e+00
1.629593592217110531e+00
5.325788011656168663e+00
3.946525788717095473e+00
4.472118357543622302e+00
2.161935846558778351e+00
1.981836087699821780e+00
2.449305061673130446e+00
1.698158536185205847e+00
1.591050444993334478e+00
2.699547771055067713e+00
1.130125076819626040e+00
1.589467619369230977e+00
