1.083781012933470178e+00
1.151118038340666949e+00
1.112803310388486233e+00
1.016548376641313700e+00
1.132703454033956225e+00
1.096118945735937045e+00
1.052971320009409295e+00
1.124272162697616206e+00
1.083388748543533620e+00
1.134481811829297415e+00
1.005046637756324746e+00
1.002893891301350759e+00
1.094495750659804090e+00
1.017582705270148047e+00
1.014269377774420500e+00
1.003845953987246187e+00
1.026208192418346377e+00
1.064174259976071513e+00
1.001601534928989290e+00
1.048794250833793296e+00
1.030424399616228337e+00
1.061519149230218728e+00
1.114821096987536064e+00
1.085150130806854074e+00
1.074707792133903883e+00
1.069234257025932999e+00
1.041855494115915048e+00
1.060073080363264308e+00
1.006069496697511223e+00
1.057139343746781313e+00
1.056913283959448835e+00
1.035141951262653182e+00
1.064971443456124822e+00
1.229313104896265996e+00
1.027134996415208779e+00
1.008203063069580629e+00
1.175028473415048014e+00
