1.129569288246838887e+00
1.222943603502248511e+00
1.051361636306705094e+00
1.126238159890278201e+00
1.202933940592453954e+00
1.043417269732722863e+00
1.244527138982019610e+00
1.084314244913503256e+00
1.120122281976945633e+00
1.263230460826851420e+00
1.024067101542340374e+00
1.012151923992315794e+00
1.150734673642034744e+00
1.020572638334368731e+00
1.031802099529672612e+00
1.006473799401032876e+00
1.080020860713297504e+00
1.069411252798670109e+00
1.006680777172820562e+00
1.011219768290547716e+00
1.003108235659741387e+00
1.041929875520703153e+00
1.082483341049356174e+00
1.041536099153039130e+00
1.013949859424562172e+00
1.065082372770590702e+00
1.021933618017188738e+00
1.004135244110827774e+00
1.024614110151432111e+00
1.070909017659250617e+00
1.113430064181729406e+00
1.079036742755045131e+00
1.199749397245023275e+00
1.200589564179364022e+00
1.056110388023597801e+00
1.026366144893090526e+00
1.136629575911999090e+00
