1.027012279072049727e+00
1.038948143837373328e+00
1.049621526651771442e+00
1.311836680181074577e+00
1.077424490744040453e+00
1.148508136101955346e+00
1.047793428604919086e+00
1.020942481954733472e+00
1.081383636140652138e+00
1.004087204170682757e+00
1.063736255270331332e+00
1.040526005116799491e+00
1.121836043404482730e+00
1.032788684915694644e+00
1.023394478557424936e+00
1.026197424397193192e+00
1.015777482841926371e+00
1.114274664053650277e+00
1.089402252607957866e+00
1.025413520346466933e+00
1.022368006291116904e+00
1.070090799358335731e+00
1.066534950656048419e+00
1.030392655567068605e+00
1.019957905837809875e+00
1.023530991165040316e+00
1.037798646615136322e+00
1.065791943040909739e+00
1.019080293367327306e+00
1.127339934663863286e+00
1.050075463209437565e+00
1.015584744556811359e+00
1.017933135981428983e+00
1.001837801231853176e+00
1.173750568484775769e+00
1.088062249949978133e+00
1.049951043530441774e+00
