3.332636628891810560e+00
1.627680416547534925e+00
4.847854626072379602e+00
2.973564644894005404e+00
1.706184268209988586e+00
1.618024150509236314e+00
2.986476010654042668e+00
2.420494816027657592e+00
1.981036108816747188e+00
1.986140473110403093e+00
2.590630394721672669e+00
1.772195300835882614e+00
1.432466562707401803e+00
4.172454623003035046e+00
1.461643877411380021e+00
3.389116918831793779e+00
4.177404315881478425e+00
2.218635132463749660e+00
2.059572236371335574e+00
2.085201238656972045e+00
2.014129523793148913e+00
1.593983760714619669e+00
2.300127140115427959e+00
3.734331177404648816e+00
1.821356849475205708e+00
2.027928185908398184e+00
5.133770968773756493e+00
4.079516211375286083e+00
4.628994929751515386e+00
1.780908291871694749e+00
1.756641139452039369e+00
2.820844926293529120e+00
2.674751339774848802e+00
1.850804228204012691e+00
2.570918895318459629e+00
1.091375071494290916e+00
2.005885359589527184e+00
