3.027180617957884277e+12
8.711469315242857666e+11
1.008756757253544531e+13
8.515172240729041016e+12
4.553823463335666992e+12
1.507158579516400879e+12
2.197694894225748779e+12
2.599998311089042969e+12
5.256321452901222656e+12
1.324677981485820312e+12
5.449438547807891602e+12
3.041597596336627808e+11
1.162975294781122314e+12
4.404336552383706055e+12
4.739845762939297656e+13
3.479515078245563477e+12
1.414712059467119385e+12
3.116998433985529297e+12
2.723399788352555664e+12
3.664005560294341797e+12
1.513836151889165283e+12
2.669519042756157227e+12
1.399510418608236523e+13
7.697573884213902344e+12
6.047462833037074219e+12
1.281672173533510498e+12
5.433522508117441406e+12
5.035980159231057617e+12
2.325099750341552734e+12
3.912555665850489258e+12
1.781857067784549316e+12
3.285434798293731445e+12
3.199360517270158691e+12
1.507222242554942627e+12
2.208063220679611816e+12
4.336362444410219727e+11
3.115345774268303223e+12
