1.084851274943724242e+00
1.172129024166770561e+00
1.030172403280891213e+00
1.020640934999722305e+00
1.104326679245173359e+00
1.086760820249841775e+00
1.084710479823993046e+00
1.295430843236917262e+00
1.159740975967065824e+00
1.110711276366115774e+00
1.036989855364601087e+00
1.046899755256698761e+00
1.101164888061057612e+00
1.033099244225896163e+00
1.026736149411549004e+00
1.004632289051113903e+00
1.059232893636527173e+00
1.086444301946771995e+00
1.016259181491487862e+00
1.029579434955089967e+00
1.063696092332200749e+00
1.066242539152568058e+00
1.157853905928703631e+00
1.026690123004922128e+00
1.039871006333320969e+00
1.067924672090952987e+00
1.082994763586245801e+00
1.053123684415070427e+00
1.001119714867816812e+00
1.016771705374363677e+00
1.024930274883199433e+00
1.076599691362214450e+00
1.054266368182362079e+00
1.298369265120109972e+00
1.030530259264732296e+00
1.050895617136301752e+00
1.139610383926545900e+00
