3.329471988344073985e+00
1.707782625327635806e+00
4.092766333282526148e+00
3.049766244561276540e+00
1.728204230726232637e+00
1.277296522291859304e+00
3.233975699203141652e+00
2.483309283291117886e+00
1.617977191415931770e+00
1.804353945981390428e+00
2.139860391015734553e+00
2.085203719697455771e+00
1.190637275235302939e+00
3.439588225194905480e+00
1.784828555640069148e+00
3.267622802608683319e+00
3.768676762852383177e+00
1.742725238743202620e+00
2.020474467053501311e+00
1.969500634898972757e+00
1.841181746629142024e+00
1.750089650141460229e+00
2.055704019368960633e+00
3.635522606769615361e+00
1.863360010856156102e+00
1.645125884660597171e+00
4.785249526110054497e+00
3.905114989671897519e+00
4.023216763073714120e+00
2.021578196949134654e+00
2.004018295497878022e+00
2.385738470967975644e+00
1.926969519573058509e+00
1.756978443935078849e+00
2.730786076448710631e+00
1.136477730685597765e+00
1.706412879144285855e+00
