1.109652218505853494e+00
1.146664664076707307e+00
1.107976800610357637e+00
1.016477452116497426e+00
1.123960433143838200e+00
1.093166200352596817e+00
1.060367802357305544e+00
1.137780142426852548e+00
1.103666014330718426e+00
1.115131390851742843e+00
1.006823543204928173e+00
1.008378127540101366e+00
1.129752769703026960e+00
1.021466800057381219e+00
1.020447151894134930e+00
1.002826428312552087e+00
1.019835374254188576e+00
1.084017911975249993e+00
1.001394503825752791e+00
1.040821489638372510e+00
1.020041633932255332e+00
1.070876535049392730e+00
1.087615317086658928e+00
1.070171227680568826e+00
1.064945817204920653e+00
1.089890132376771792e+00
1.021156404673266849e+00
1.042746388535600532e+00
1.005837516069781890e+00
1.049249236382662209e+00
1.047284421349495620e+00
1.037117010454595256e+00
1.054672661568103242e+00
1.242218856739819577e+00
1.027986400065459272e+00
1.008547282923165200e+00
1.168929345018479449e+00
