3.424262697551463841e+00
1.627585597503652615e+00
5.399435383345075223e+00
3.007978107812391944e+00
1.819794274883837826e+00
1.519633903649708184e+00
3.069128072740596735e+00
2.084655381682609665e+00
1.911188405730847251e+00
1.895200089859578441e+00
2.263490777468772475e+00
1.712761266478003863e+00
1.482663223578301714e+00
4.030831671487628221e+00
1.331937803298597345e+00
3.366707987794546497e+00
4.415556775743199047e+00
2.536136040165590355e+00
2.265449805851108778e+00
2.399171291806478035e+00
2.036586611630898602e+00
1.737263391162757964e+00
2.638642714602206674e+00
3.995686738672379779e+00
1.575074087734005479e+00
1.932174974351517083e+00
5.677011745967054601e+00
4.067381061586135438e+00
5.189373435244321264e+00
1.617122459008291324e+00
1.752634299120958694e+00
2.557421674098397268e+00
2.617529982112416054e+00
2.039906030546308813e+00
2.574531536852026292e+00
1.049510835826346966e+00
1.901385996987213112e+00
