3.426353925613061957e+00
1.714820789226467967e+00
4.924478381491624646e+00
3.530308932805561906e+00
1.506844364722716101e+00
1.215610831400232517e+00
3.490660554709534846e+00
2.812680390115940288e+00
1.431180293718461449e+00
1.836130832685844316e+00
2.388446974048526350e+00
2.343576632877941268e+00
1.117626620022321937e+00
3.778514866621173862e+00
1.703351059805493284e+00
4.262061232105267550e+00
4.115144367633355671e+00
1.641710696540786163e+00
2.148847522777540320e+00
2.089639918310301603e+00
1.800684632455624268e+00
1.711158246091769364e+00
1.879097023352378493e+00
4.635711819349574547e+00
1.981473767679146292e+00
1.714435100696009684e+00
5.917742019179730306e+00
4.201169460958155355e+00
4.721680743231251753e+00
2.067923560468802435e+00
1.979986817053124737e+00
2.370515502998393309e+00
1.620559268303387146e+00
1.614196485082438182e+00
2.812056729920147102e+00
1.113544162647985392e+00
1.620721221996150208e+00
