3.256021922474305885e+00
1.749008440551710120e+00
5.129716950151523847e+00
3.183543803022894192e+00
1.762610456719915453e+00
1.487948336678063255e+00
3.231648148720109415e+00
2.612536667190319406e+00
1.614628231209460862e+00
1.790383771840255545e+00
2.135140562964843447e+00
1.958456926531386477e+00
1.349255593279657495e+00
3.799415333008868689e+00
1.442644289123290235e+00
3.345485687079639447e+00
4.244623819676426102e+00
1.693590232439475818e+00
2.337167954982276363e+00
2.135820413375800086e+00
2.186153838049928133e+00
1.814643318346792933e+00
2.101168856893289583e+00
3.754819568456480461e+00
1.655057372779948244e+00
1.730130695937960761e+00
5.597256110824802455e+00
4.313741504301239260e+00
4.850888538845954834e+00
1.745586531974462785e+00
1.756371207620207375e+00
2.404273714349806301e+00
1.882345847213833689e+00
1.696773727310955104e+00
2.799258284963319632e+00
1.059812245084025939e+00
1.900672644651611565e+00
