1.087301356655764106e+00
1.144987557083414709e+00
1.072453076513199877e+00
1.024287990006124582e+00
1.090323314420266421e+00
1.087535229330503617e+00
1.060845851573188670e+00
1.166764844261375833e+00
1.094236503367507218e+00
1.142770548237698636e+00
1.010027997692119595e+00
1.004309709993176813e+00
1.132994599771501631e+00
1.013522858078912847e+00
1.006534290851337055e+00
1.011901080619948656e+00
1.023346693920450967e+00
1.079804011983569012e+00
1.000092214151143244e+00
1.047257176311447546e+00
1.034677643822056625e+00
1.070206442991999074e+00
1.096082995322281484e+00
1.056203710318860178e+00
1.070547581845986862e+00
1.063588298207159166e+00
1.065474420630860397e+00
1.048666238068535650e+00
1.002678346151542721e+00
1.019960642128091788e+00
1.038205649392057506e+00
1.049334178691317065e+00
1.103265878376780362e+00
1.258826296669367739e+00
1.041964243394801315e+00
1.036660389708344399e+00
1.181204261706207737e+00
