3.330734953058361203e+00
1.678343180828763215e+00
4.354789050317410926e+00
3.078303409742496388e+00
1.606239694350761305e+00
1.229036938658032874e+00
3.363153027802126882e+00
2.562113925413270099e+00
1.469858785191721529e+00
1.752136276173707152e+00
2.369400293425704795e+00
2.086668925753635495e+00
1.152987929746096762e+00
3.493997748147983362e+00
1.824898978043480335e+00
3.623823835999870013e+00
3.884194601085046106e+00
1.616768328913033459e+00
2.080041750240312570e+00
2.070747276524273150e+00
1.788113888106409144e+00
1.684373717336144605e+00
1.911111009863438737e+00
3.916637059447614977e+00
2.053253435823816808e+00
1.614226411647685433e+00
5.204134205556870008e+00
3.833425681084001724e+00
4.253036594358285072e+00
2.138426055062413678e+00
1.990794445067453511e+00
2.396976107964852165e+00
1.576070004984041706e+00
1.659264500753161675e+00
2.654674513648204393e+00
1.117375269372714808e+00
1.627343719643059794e+00
