1.123719038810522708e+00
1.220688828573360807e+00
1.039982914130743508e+00
1.122857589273354773e+00
1.202156146642251011e+00
1.120681382013252847e+00
1.296751582696831440e+00
1.088194421732375794e+00
1.131851377238887624e+00
1.244568035029233855e+00
1.003641126223290048e+00
1.009913108289726580e+00
1.145372337055162060e+00
1.020651707720582557e+00
1.038707030513215335e+00
1.035049808915013969e+00
1.119327580546634948e+00
1.102519824837172147e+00
1.006594423395679172e+00
1.005889218531240692e+00
1.001092767625455515e+00
1.055451713470487274e+00
1.087821891855871526e+00
1.052342337078929102e+00
1.036545527797419375e+00
1.205174267422576495e+00
9.998817820306932225e-01
1.014223586868633120e+00
1.037696836887914920e+00
1.131733036518162372e+00
1.100337746013487106e+00
1.079471692001488181e+00
1.209588740437906207e+00
1.170727934752080257e+00
1.048008077176554975e+00
1.007580699570749472e+00
1.080434964748452797e+00
