3.592240078675040138e+00
1.571383142774233299e+00
5.951661456310632481e+00
3.059163472380025173e+00
1.915926102309291279e+00
1.503395963909709421e+00
3.304547642536029173e+00
2.126499224709935909e+00
1.885734894589075950e+00
2.283354762561154772e+00
2.143106522617986176e+00
1.755392915974905543e+00
1.503559809285659465e+00
4.030226412275805359e+00
1.296741539772743756e+00
3.588251094648485129e+00
4.583991878393141484e+00
2.406085945319322406e+00
2.189326149851085201e+00
2.311991197823070276e+00
1.960891760774949866e+00
1.751423315311511741e+00
3.002653550834989638e+00
4.218521636913798112e+00
1.532016426472739390e+00
2.031929940130339229e+00
5.952949470154125677e+00
4.061680404032986580e+00
5.736289720143938453e+00
1.564567839665939264e+00
1.793155518052562014e+00
2.647692860594337283e+00
2.543468371560875685e+00
2.094634490026689111e+00
2.566072420749303973e+00
1.086404197339029043e+00
1.943461220645099408e+00
