1.076920020001810530e+00
1.169107013765914749e+00
1.051824831816037031e+00
1.011709663763775247e+00
1.151252322021345753e+00
1.067285793155597018e+00
1.070749030797568446e+00
1.213097857688032466e+00
1.095924021756057964e+00
1.153508155086801823e+00
1.034455731329718686e+00
1.034908578307005556e+00
1.067690795571679452e+00
1.031597124678097499e+00
1.040439389444844043e+00
9.999136045357231994e-01
1.058961006068261934e+00
1.033319622575157526e+00
1.020260524714282413e+00
1.012262027022633459e+00
1.113787740706922103e+00
1.040499221628180759e+00
1.176927110235397533e+00
1.046106951063526358e+00
1.087565597124880101e+00
1.054934624275088551e+00
1.091731232021376341e+00
1.044706645818217039e+00
1.003633889574067295e+00
1.008361425220296370e+00
1.050401697633184028e+00
1.091570644254545641e+00
1.054148522916933173e+00
1.289436347277223005e+00
1.019342316279508109e+00
1.024427901221238724e+00
1.187855937983263832e+00
