1.119820466982310858e+00
1.148994519536083336e+00
1.119907711819522200e+00
1.016772595985840688e+00
1.120719643439091584e+00
1.089485745612021050e+00
1.070501334512048208e+00
1.129141482747876735e+00
1.095722492371943968e+00
1.114378856017509190e+00
1.004695754817584330e+00
1.003611550150096399e+00
1.134169672369234050e+00
1.020039473718753920e+00
1.017542319082677338e+00
1.004064085975063136e+00
1.018616430579187826e+00
1.080571939533685688e+00
1.001002402163239546e+00
1.038959622352156886e+00
1.021970108920902787e+00
1.059919064904348840e+00
1.097909877290007330e+00
1.073669453552030584e+00
1.062630781044122896e+00
1.085670802290982673e+00
1.019954555289646514e+00
1.051018857590421796e+00
1.006393556326609096e+00
1.047923450352561847e+00
1.050674441088441435e+00
1.039536084605192423e+00
1.072482292552882743e+00
1.234547616011030913e+00
1.031598655953790189e+00
1.009300324747246291e+00
1.174186298762979419e+00
