3.516312392701207656e+00
1.574305275713217656e+00
5.994050182370017410e+00
3.065750092441964281e+00
1.911125582909567466e+00
1.470642850724930728e+00
3.182724766170597075e+00
2.044723157792792900e+00
1.848295139490772510e+00
2.113603527791557912e+00
2.069092000527572139e+00
1.751056010151092801e+00
1.468886523914534781e+00
3.968246186696399391e+00
1.237128942977393731e+00
3.495327130597467136e+00
4.614122263220339804e+00
2.367130697082277635e+00
2.171476644246756571e+00
2.289064846797856045e+00
1.956174226217949563e+00
1.704982172663674689e+00
2.970991287993687280e+00
4.206166592231339152e+00
1.449652832621046494e+00
1.963627352774025558e+00
6.397512143843512078e+00
4.019269303617888589e+00
5.728850968527862797e+00
1.460603464638927873e+00
1.732412760305799715e+00
2.577120319465705744e+00
2.503164642498809211e+00
2.043658552057304068e+00
2.520939983960233999e+00
1.081308442116867274e+00
1.895302921895809956e+00
