3.502111006092420098e+00
1.748567743620812909e+00
4.958675412756960554e+00
3.604800395924547818e+00
1.500287644324193037e+00
1.211815417720455867e+00
3.455065667876686231e+00
2.804865787405034450e+00
1.418211563197105951e+00
1.811086771367274251e+00
2.381412932743355970e+00
2.385534718139864285e+00
1.111005043288736838e+00
3.778544246308955579e+00
1.726797844782930635e+00
4.406021587448149646e+00
4.147085141039834610e+00
1.633513168455063225e+00
2.078587029826405530e+00
2.027414294129569861e+00
1.747084320194744578e+00
1.667913966474160237e+00
1.854392541288477414e+00
4.766023016699741710e+00
2.012416007489928660e+00
1.684151409177826242e+00
5.998918417545605841e+00
4.294257131985570020e+00
4.758097056781300793e+00
2.066874085178992626e+00
1.970447207123659839e+00
2.382843646883692657e+00
1.583687009272763957e+00
1.603592392038672987e+00
2.768166012280385058e+00
1.103940469048466655e+00
1.602942948791225675e+00
