1.025822999677598046e+00
1.032497937827801415e+00
1.048606328983634484e+00
1.314051901634612385e+00
1.079033951243660638e+00
1.139615050108139682e+00
1.049310193361891130e+00
1.027074483698015683e+00
1.079574372576495911e+00
1.005004546958406797e+00
1.052380640084054297e+00
1.036575779058450220e+00
1.123003466643328174e+00
1.024127574295318199e+00
1.023296054506510400e+00
1.020165217897925247e+00
1.012811701605251136e+00
1.103510874474316728e+00
1.082449361441655489e+00
1.021900650476544437e+00
1.026946749399022307e+00
1.069378737262072887e+00
1.067874948906563981e+00
1.024064054094987464e+00
1.016931148201520640e+00
1.017105547577670244e+00
1.032054777091507392e+00
1.050296772898639652e+00
1.022036324993705225e+00
1.134503111885363458e+00
1.058977838494914447e+00
1.009206832600359149e+00
1.018785040958316124e+00
1.000356352178294994e+00
1.167699625668985774e+00
1.084643469882851319e+00
1.054344047467481005e+00
