1.261948033155512183e+00
1.140971329021491787e+00
1.039042976183827127e+00
1.118021732136282198e+00
1.101041808908407749e+00
1.179198014652950599e+00
1.328890999651003657e+00
1.058828716584698348e+00
1.086028099742142539e+00
1.228612672208785783e+00
1.011681355744817878e+00
1.020970632743918971e+00
1.346134757704754659e+00
1.086132949018371319e+00
1.159179572395343971e+00
1.107014513104107811e+00
1.065735426354801563e+00
1.108299495902309584e+00
1.010991255268865796e+00
1.112518129287951352e+00
1.049624720079094020e+00
1.041267055824673049e+00
1.161412148878449679e+00
1.083928512791622722e+00
1.110355667851004036e+00
1.179123172634684025e+00
1.078808209185765810e+00
1.012652767038561219e+00
1.008550330424129449e+00
1.123201010323164661e+00
1.020266459335500198e+00
1.081417905464635565e+00
1.169530371741943631e+00
1.353423061604451583e+00
1.140674498459633091e+00
1.002387838215287541e+00
1.087764481549103435e+00
