1.029088399400193810e+00
1.428259856410933226e+00
1.426516010764236286e+00
1.086755782165166773e+00
1.253126305792878092e+00
1.121103485954446199e+00
1.343393184148456765e+00
1.516060426146262685e+00
1.523752678633782498e+00
1.210222368878311361e+00
1.202237282462564005e+00
1.025861873805823610e+00
1.157845546822114491e+00
1.185218265512366642e+00
1.484125984925381392e+00
1.189064527246925573e+00
1.337167768463118689e+00
1.209426208981573492e+00
1.781591698122704681e+00
1.348927238433875297e+00
1.081496482180787533e+00
1.488794366527223412e+00
2.524526894429157231e+00
1.994549793197316179e+00
9.987148553647473559e-01
2.394631751563438105e+00
1.605463009065709823e+00
1.105148079341524481e+00
1.450703461853384724e+00
1.220228335585547441e+00
1.152964820618096686e+00
2.134590180227919465e+00
1.055185746109610356e+00
1.320247515105988256e+00
1.645537036563261779e+00
1.241287807799589693e+00
1.136527281176429760e+00
