1.100653020034483509e+00
1.130316025320462270e+00
1.091704526126354491e+00
1.010829047467746600e+00
1.117136993919664700e+00
1.084961556554688844e+00
1.067188819970818381e+00
1.152366502584301289e+00
1.119117581507710568e+00
1.121869814853017733e+00
1.007459524272471763e+00
1.009294472275418020e+00
1.114585748986881786e+00
1.029327429737612931e+00
1.027665087056786719e+00
1.000181723369668152e+00
1.028174789696917335e+00
1.099178242937729477e+00
1.000510795318860557e+00
1.038066680245530282e+00
1.023077490857374539e+00
1.075476943179042522e+00
1.104176961714522731e+00
1.054712702730590035e+00
1.058129221409371379e+00
1.084668123286485208e+00
1.024953344654380150e+00
1.048517485300127561e+00
1.008233178935043384e+00
1.049432570031328282e+00
1.040885864066829924e+00
1.044309954072615509e+00
1.055071787461808741e+00
1.204223975018302140e+00
1.037097415532351130e+00
1.007035486861796558e+00
1.172528706407066634e+00
