1.234448954164136136e+00
1.145402698610922254e+00
1.025593191465246967e+00
1.171084688328117851e+00
1.118089885576342812e+00
1.187149663803482635e+00
1.267443061473424226e+00
1.060371606252785037e+00
1.027495797949300682e+00
1.217214727133554719e+00
1.021662106937186731e+00
1.002835992862493253e+00
1.294729028231725199e+00
1.073942618292018425e+00
1.084084143358361674e+00
1.097420870970346796e+00
1.050604093493467506e+00
1.086082138532281194e+00
1.002740179050542135e+00
1.058074230969921370e+00
1.051773704417200639e+00
1.096910606395594012e+00
1.083021800294376780e+00
1.060928589486130891e+00
1.095263466137655017e+00
1.222641828875377756e+00
1.065137094317265998e+00
1.000976961500074092e+00
1.043029416482983862e+00
1.145821039134731434e+00
1.074169826572181741e+00
1.047195921736965296e+00
1.132983392306210035e+00
1.187089806339634013e+00
1.067750959960471091e+00
1.001170302913797494e+00
1.054023609035909637e+00
