1.085195858998123875e+00
1.174185197763138788e+00
1.085933293161412072e+00
1.029085435122093051e+00
1.082639990580267719e+00
1.082628762339723050e+00
1.077798964484806943e+00
1.177861378809676784e+00
1.089812418985590226e+00
1.139190550872982266e+00
1.006656318278690510e+00
1.003870942891362139e+00
1.131316335917520233e+00
1.009580215051594010e+00
1.010914935043826457e+00
1.007480345385027176e+00
1.022472721359763304e+00
1.088136784481916530e+00
9.999873246671457938e-01
1.062459640093216473e+00
1.040557081706295461e+00
1.077628989548335969e+00
1.117750599818813084e+00
1.048086702419008587e+00
1.073141349996499905e+00
1.057145318905701847e+00
1.063363246387629690e+00
1.067021182028975890e+00
1.000516750500437091e+00
1.011796412840021420e+00
1.044617327494324233e+00
1.066614167125809809e+00
1.111195402912578345e+00
1.223972297944551313e+00
1.038474592130543162e+00
1.027177933438424784e+00
1.159677465011390574e+00
