3.388872936921992540e+00
1.648229947050522837e+00
4.095628617861238219e+00
2.949843297681472798e+00
1.656521362501690575e+00
1.239997821887942830e+00
3.314458737547856249e+00
2.544925365122119310e+00
1.537911401086887064e+00
1.850993534407153529e+00
2.299398938975840689e+00
2.040263322363506049e+00
1.192018485261006955e+00
3.471761946828467948e+00
1.823453930429585590e+00
3.500255331340140774e+00
3.939905860993483611e+00
1.794969004913914201e+00
2.027200804656948741e+00
2.100845796339091631e+00
1.780736135362173345e+00
1.745567344259693954e+00
1.987182198768982611e+00
3.719665489634230049e+00
1.967476278143807544e+00
1.680245934028006261e+00
4.988531675373087282e+00
3.856807986773684860e+00
4.043108723341030775e+00
2.096398052359215392e+00
2.052685898713796586e+00
2.460132349504184024e+00
1.752682903329748854e+00
1.667963862135051656e+00
2.797706795595779283e+00
1.147826796438021324e+00
1.612996110274552031e+00
