3.049081477595247947e+00
2.303160250042951773e+00
1.550443786209858121e+00
1.805536748005283521e+00
3.328953727819871755e+00
2.271017117118288908e+00
3.475249590897367735e+00
2.735784307604160137e+00
2.218604071892973373e+00
2.672517937870986682e+00
1.307935645097620947e+00
1.173891020573337940e+00
1.560759398464516279e+00
1.503064339296465990e+00
1.252965575963030709e+00
1.343262581658107635e+00
2.115097395330214791e+00
1.689738060525861840e+00
2.230140194966457212e+00
2.679191768921148409e+00
1.626472135309536826e+00
2.943653203691213083e+00
1.576912513766821622e+00
3.042545707536661315e+00
5.143356287091694234e+00
3.235138925898377593e+00
1.944893499956980243e+00
2.123913867602230887e+00
1.463803896457881004e+00
1.494803140566846933e+00
1.158907119363033589e+00
2.891990347460645872e+00
2.227869115944067779e+00
3.978773714049058885e+00
1.771247117817324135e+00
1.170300307575913301e+00
1.804151515009303930e+00
