1.103614293705012184e+00
1.186769843544437819e+00
1.047995686888980815e+00
1.030216695572173213e+00
1.128248557404498476e+00
1.057410775354852506e+00
1.121882476456823152e+00
1.173730355284587468e+00
1.125095757274652275e+00
1.206149696264964710e+00
1.013043831569665043e+00
1.032551533102357366e+00
1.074575723362717783e+00
1.014530054751313193e+00
1.083759099302043838e+00
1.009576284344741559e+00
1.082800197662560970e+00
1.085005214086926406e+00
1.020422533915420260e+00
1.024350957285230290e+00
1.037272711792434965e+00
1.042406348155742624e+00
1.173049318843748967e+00
1.035074892315837491e+00
1.016355555864022264e+00
1.052404375004542647e+00
1.034086940653240250e+00
1.041940391465691063e+00
1.000070085859993352e+00
1.065896028537220763e+00
1.054201676845477609e+00
1.098253730951846974e+00
1.114431727762760449e+00
1.253680876764531993e+00
1.043759072132882215e+00
1.013823336026844713e+00
1.163077721981264911e+00
