1.081960062905390263e+00
1.189692808952032665e+00
1.057003169262401787e+00
1.038318854150210191e+00
1.073550004724013407e+00
1.073834227244897965e+00
1.083821931470591693e+00
1.178708294190208505e+00
1.106546600430781124e+00
1.163782736915753846e+00
1.005151635424620826e+00
1.002976918497923586e+00
1.117546542887741579e+00
1.014886258748123105e+00
1.014473056741619361e+00
1.000733080996705437e+00
1.026263323640212111e+00
1.083834632560111366e+00
1.002382350170571312e+00
1.055108660685131650e+00
1.064024948974432894e+00
1.085073753145229025e+00
1.108272578986281953e+00
1.060801521330288377e+00
1.063676921402446629e+00
1.089027621201727358e+00
1.067242781099864812e+00
1.069758245178580758e+00
1.005325539989938122e+00
1.025421287808043536e+00
1.050649921515322660e+00
1.066413597499455079e+00
1.107725954492458476e+00
1.229197186406677078e+00
1.044100057151076122e+00
1.035769294835047205e+00
1.166466471327578525e+00
