1.066431199215335690e+00
1.215361427819283691e+00
1.408747028926163214e+00
1.018336732533409172e+00
1.408844934619963629e+00
1.704163078807029441e+00
1.225066873022694125e+00
1.296785366947435847e+00
1.266465665852420708e+00
1.517286676609174378e+00
1.155587104290647815e+00
1.275400969774318938e+00
1.310245308832311828e+00
1.184878014847418504e+00
1.061973543091328631e+00
1.181212167892215170e+00
1.324082925961874491e+00
1.129553007021407263e+00
1.026712686948575870e+00
1.289681863576091159e+00
1.352303692969716753e+00
1.234812442187110726e+00
1.242897522543624955e+00
1.498442691327653842e+00
1.425073861090976557e+00
1.528242127447251741e+00
1.010422874616787148e+00
1.339390783926124762e+00
1.041816904022335732e+00
1.220487924297747773e+00
1.287861273492437064e+00
1.236421873678861028e+00
1.133913509030782807e+00
1.789916114579039208e+00
1.067834890902968015e+00
1.043644640179063998e+00
1.266333232051097157e+00
