1.089126495092044067e+00
1.152877528950158936e+00
1.115014756587853872e+00
1.017210276400601243e+00
1.130467479091324057e+00
1.101423770318738837e+00
1.053986072217556913e+00
1.123880213939937533e+00
1.082975376326774652e+00
1.139672287354525748e+00
1.004587689640045189e+00
1.003699762095132009e+00
1.097789471513942239e+00
1.019117451212590675e+00
1.014050664392709633e+00
1.004365793802660889e+00
1.023570939038511929e+00
1.061587954375797560e+00
1.002071134325043245e+00
1.050008553846347725e+00
1.034064280735427444e+00
1.060538717874427217e+00
1.117235079899856709e+00
1.085964662824825622e+00
1.073110921396772666e+00
1.068769467927148886e+00
1.044912903953438388e+00
1.056563469875207995e+00
1.007873454558940507e+00
1.060880931734918597e+00
1.060334397315304100e+00
1.036317990013079227e+00
1.066155026027886255e+00
1.230468534856494989e+00
1.026101267402921069e+00
1.008488540131349476e+00
1.173254552121518524e+00
