1.031655059822196074e+00
1.036899483518048948e+00
1.043474019860371804e+00
1.313439269422895794e+00
1.083577007603455877e+00
1.147851289236385020e+00
1.050984832462895202e+00
1.019653708291309968e+00
1.080232215088639869e+00
1.005175881688680439e+00
1.054739345312731613e+00
1.042961588909634418e+00
1.115213960473234955e+00
1.029106179103217666e+00
1.024002950099926146e+00
1.024351301319728513e+00
1.013958381673564002e+00
1.119446947968687267e+00
1.086053217550535965e+00
1.024073714794863976e+00
1.023125291812243098e+00
1.075316294808545736e+00
1.068553357155376027e+00
1.025548517616947874e+00
1.016087612910636651e+00
1.018662538433978693e+00
1.036826110294186254e+00
1.057704194811124543e+00
1.022262164299669873e+00
1.126948849256647289e+00
1.054642655848747168e+00
1.010428208789325044e+00
1.016112828127119005e+00
1.000710374093153332e+00
1.167480019092665522e+00
1.079921303081002870e+00
1.051286676434943335e+00
