1.104316627342659674e+00
1.183140943734439565e+00
1.044968423866503793e+00
1.012223024165746610e+00
1.109106610065796250e+00
1.065294833190504331e+00
1.080852054421018282e+00
1.146006304223022410e+00
1.123030978340345820e+00
1.232102171970651083e+00
1.023187774863893562e+00
1.028595401257375919e+00
1.102780537333538868e+00
1.020716886238198562e+00
1.081858547278722105e+00
1.006793157630109903e+00
1.077413160523341684e+00
1.069719608598358018e+00
1.036284512769606314e+00
1.026991536957725382e+00
1.036686015053948751e+00
1.031620293678440436e+00
1.175355030323849803e+00
1.018046710095912077e+00
1.039676038522387325e+00
1.042276538932120467e+00
1.039292266571379297e+00
1.032354801305104486e+00
1.001474384332101675e+00
1.041204184422855672e+00
1.046200523241102243e+00
1.091326311957702133e+00
1.106129517182929733e+00
1.290451060625111834e+00
1.054163401054746041e+00
1.004256605238447619e+00
1.167615772990781453e+00
