1.084792396271792692e+00
1.136164295275360336e+00
1.072592684433594012e+00
1.024215417573482112e+00
1.091672989892257251e+00
1.086505485863100473e+00
1.069055552776700058e+00
1.162943266086870375e+00
1.094663813121967033e+00
1.131550311373798134e+00
1.008715966864716318e+00
1.004932325370232249e+00
1.125618853597397662e+00
1.015132300847134461e+00
1.003590170403227955e+00
1.011079692474335046e+00
1.017670239595258153e+00
1.089357132855416577e+00
1.000238394849198853e+00
1.052723590513406027e+00
1.026806171400507450e+00
1.070426159026331758e+00
1.092971798510523618e+00
1.049060103345867079e+00
1.073624916283703046e+00
1.067786726979961021e+00
1.064691067579336847e+00
1.046343096991385169e+00
1.002499604391484445e+00
1.020951030222155165e+00
1.036096006114997081e+00
1.047246599594386041e+00
1.094428799491026894e+00
1.272735754173130562e+00
1.039430360483022620e+00
1.029040514923955651e+00
1.182261896807554891e+00
