1.115425828082322823e+00
1.148819603190190497e+00
1.115565016298850409e+00
1.015417035825730618e+00
1.116054909864445222e+00
1.085585073355481267e+00
1.067368581367647229e+00
1.128190607945350532e+00
1.098398839896060686e+00
1.116195942063466173e+00
1.006391099068890904e+00
1.007602914923130699e+00
1.131701025162131558e+00
1.018152878341177958e+00
1.017499458570943593e+00
1.002780927703543101e+00
1.017697206481221972e+00
1.084318906616714484e+00
1.001207546056723796e+00
1.039110779120097305e+00
1.020173518719108330e+00
1.069324098526622580e+00
1.083568934345815915e+00
1.068745512424635002e+00
1.067950054569798413e+00
1.086929730652778980e+00
1.021335574819544512e+00
1.043954271650261889e+00
1.006440279660458570e+00
1.051148817699388838e+00
1.052066601188973438e+00
1.040102201352673728e+00
1.061859326423048033e+00
1.242998442594271946e+00
1.028502018631170856e+00
1.008520627114032564e+00
1.175971857830636624e+00
