1.089677574819203798e+00
1.168833571897338164e+00
1.087504733613232855e+00
1.025960069186963475e+00
1.081462519184568594e+00
1.088613713186968202e+00
1.078946435306923801e+00
1.172138035597484418e+00
1.092422462673545924e+00
1.147843877718121242e+00
1.005174330830649554e+00
1.003604311843376395e+00
1.127052049055584648e+00
1.006560799010122631e+00
1.010923312925569251e+00
1.007452157259943082e+00
1.022477518264227614e+00
1.087872127213927120e+00
9.999663801366324156e-01
1.060375962761674007e+00
1.050481006757906233e+00
1.078529659728076462e+00
1.115770072055175977e+00
1.042902971146614455e+00
1.073721864268384341e+00
1.069157168948267289e+00
1.061968990620122621e+00
1.070404185891564941e+00
1.000494813819297724e+00
1.010477580082171922e+00
1.051398144788732392e+00
1.060868886683044243e+00
1.105860732992038686e+00
1.218316574195217550e+00
1.033579855847497342e+00
1.028635591356974910e+00
1.159631160901615665e+00
