1.025965592648900193e+00
1.034332466660578875e+00
1.046934880455014927e+00
1.317485478761269979e+00
1.078717863280838074e+00
1.144229583268224548e+00
1.046559697964933422e+00
1.025869298689727094e+00
1.075226155398166350e+00
1.004993985170794524e+00
1.050151520297065710e+00
1.038700802701220338e+00
1.117685881846136819e+00
1.022339368605461374e+00
1.023268042165725866e+00
1.022402379588489563e+00
1.012408881466717814e+00
1.103738053861979651e+00
1.085029910080899995e+00
1.022765454125897033e+00
1.025616278854516006e+00
1.069620777252139554e+00
1.070173531701498870e+00
1.024357124061900270e+00
1.014820718896020324e+00
1.018702607981626151e+00
1.034628764232919496e+00
1.051493554278102316e+00
1.022575249510835560e+00
1.130925346908129070e+00
1.057236854407358262e+00
1.008774463341552519e+00
1.019436820436973479e+00
1.000400399502044513e+00
1.169886642206299010e+00
1.084048848709242119e+00
1.052160994884015599e+00
