1.078276479653036413e+00
1.199740305000970952e+00
1.047189726512409047e+00
1.041071121577830771e+00
1.057291538588650104e+00
1.076862305231157668e+00
1.077723390603141596e+00
1.186652299574282088e+00
1.113513706129363623e+00
1.149120947336060405e+00
1.012161504663193323e+00
1.006551352310300684e+00
1.119743841842606891e+00
1.013176852108223613e+00
1.010281936647572376e+00
1.000337194819578723e+00
1.027339426255058807e+00
1.079897394599399929e+00
1.000410220076120460e+00
1.052127563813619826e+00
1.063580484874156573e+00
1.077949095329319595e+00
1.100336537754529775e+00
1.059828235573468058e+00
1.064530524741647666e+00
1.087558482489374923e+00
1.078530582653562275e+00
1.067663676453718402e+00
1.006357863760767302e+00
1.028897265569421959e+00
1.042498778174895113e+00
1.070807196964391972e+00
1.108125922248659689e+00
1.223322048307526444e+00
1.029696761764669954e+00
1.035674736784631067e+00
1.164740803122769952e+00
