3.332016046755612582e+00
1.667554073455808750e+00
4.353579812892295564e+00
3.070897200174532049e+00
1.624922704641676097e+00
1.238607739596722102e+00
3.374875714002118166e+00
2.561229879367063589e+00
1.481697990865733949e+00
1.763798092800550332e+00
2.378508453667040001e+00
2.095386662293753144e+00
1.162211747433317566e+00
3.509552827173585854e+00
1.823867271542123580e+00
3.639098545604993795e+00
3.891704315250613000e+00
1.637778614442279235e+00
2.098233575502436388e+00
2.084823153414447461e+00
1.798791726148862846e+00
1.706004407249757993e+00
1.925394456324446280e+00
3.925168709435774783e+00
2.057678916183117490e+00
1.622685545374585425e+00
5.222452734203449687e+00
3.846245423615553438e+00
4.262075086812448177e+00
2.145747534154536673e+00
1.989877434116839705e+00
2.401208845608338027e+00
1.598294388693452195e+00
1.669937235732199543e+00
2.658918789808377259e+00
1.120634077524763184e+00
1.637846933011840367e+00
