1.029761908153306482e+00
1.037348362329534091e+00
1.044139658120782466e+00
1.316484518731431352e+00
1.081531418642934117e+00
1.149495789633615539e+00
1.049615279254873412e+00
1.021086147196612393e+00
1.079836386881720678e+00
1.004634149744002114e+00
1.052150152506153402e+00
1.042801888504512053e+00
1.117997569033552852e+00
1.025997444667671177e+00
1.024257138369882192e+00
1.024726982603133552e+00
1.012563463733573865e+00
1.116247254184098203e+00
1.090694177242749419e+00
1.023889289011117532e+00
1.025439227949969112e+00
1.073739271347796231e+00
1.069292046302418475e+00
1.025867163270412386e+00
1.015359796936698311e+00
1.018237539296492855e+00
1.037527806124678875e+00
1.058747624461029213e+00
1.022075256324098458e+00
1.121963065136983406e+00
1.057686979428394736e+00
1.008690640229547020e+00
1.018076553131238571e+00
1.000610871607898966e+00
1.167812254633202151e+00
1.076831875345696909e+00
1.049666010091962143e+00
