4.233973853253936603e+00
1.638401762233215875e+00
7.524827863573283260e+00
3.344081709839721306e+00
1.744142090016966185e+00
1.507367464707964011e+00
3.541798395805155764e+00
2.106396008444730406e+00
1.554004872495768019e+00
1.820601707987612450e+00
1.898478336897341689e+00
1.775918647312921594e+00
1.496849869386818188e+00
3.943010935524100979e+00
1.196166938748525865e+00
3.564964776482510533e+00
6.086925215072279016e+00
1.950531361405355879e+00
2.025655514885599029e+00
2.183586178551961687e+00
1.880767271202833157e+00
1.626507672335949950e+00
3.018846158289754111e+00
4.758072031961989801e+00
1.329483614299509009e+00
1.755227990140814764e+00
7.089351299650270555e+00
4.199127090676628704e+00
7.080575365527169041e+00
1.371359442518111704e+00
1.860647370622738883e+00
2.606106136904220438e+00
1.782420670059944756e+00
1.972239816832769499e+00
2.769082099155387500e+00
1.058496429489798718e+00
1.852204371969019103e+00
