3.338986741235601130e+00
1.660348707744202068e+00
4.152221602947255619e+00
2.997265332092443391e+00
1.657027948761230718e+00
1.244375480745022466e+00
3.307345521558620938e+00
2.451808690416972691e+00
1.563774418983671533e+00
1.792759663050506713e+00
2.238441705107478530e+00
2.022909718402307266e+00
1.185920404183581134e+00
3.367318579438186354e+00
1.763940234222035386e+00
3.249192115599472075e+00
3.809530787441178123e+00
1.812073667200699845e+00
2.108390846189002410e+00
2.174233245176511620e+00
1.860835630847765154e+00
1.787413580909684496e+00
2.012502470876258442e+00
3.656447340678285585e+00
1.890218528014964594e+00
1.668283176672381796e+00
4.954083117736983510e+00
3.830709434818662995e+00
4.076853145663433153e+00
2.048035655370938013e+00
2.027599420190943746e+00
2.452330761246235724e+00
1.828720071807012459e+00
1.698621100571422016e+00
2.753025252656547295e+00
1.135695057479059633e+00
1.610088859380854442e+00
