1.098804511088132818e+00
1.183186875576180519e+00
1.041374844230090746e+00
1.127291282132424577e+00
1.173866289303811650e+00
1.055605505943755906e+00
1.236225198488545729e+00
1.086295992163713198e+00
1.113686561073518488e+00
1.277466780720078576e+00
1.012879272976388023e+00
1.014817363304983733e+00
1.165490957382016468e+00
1.025036382850015526e+00
1.042900352257764451e+00
1.013104817963129012e+00
1.114656165787760278e+00
1.080833040145045665e+00
1.011570085825346244e+00
1.013712076725300948e+00
1.001040089573264513e+00
1.029369042621725683e+00
1.083117790520902401e+00
1.042844933061707335e+00
1.022372491267577121e+00
1.081258549936376046e+00
1.015914817765604772e+00
1.007379006901161222e+00
1.019622827170533874e+00
1.087629884209258879e+00
1.096098762750239874e+00
1.066520618976084744e+00
1.202872858353949415e+00
1.169535852020438638e+00
1.050298341672822877e+00
1.013679992073773350e+00
1.070756510423545249e+00
