3.308725009949030849e+00
1.837271884613460804e+00
5.650423956206085840e+00
3.715146465446621082e+00
1.478636718990974153e+00
1.196123307700425631e+00
3.382978341790638055e+00
2.723562319802407039e+00
1.380178724277675961e+00
1.947768388031354769e+00
2.194221271878060708e+00
2.252076041265894446e+00
1.097185747821851853e+00
3.863990668983354748e+00
1.541620597381984314e+00
3.840434743024624620e+00
4.088859036950779569e+00
1.395591243290277061e+00
1.839586202478751931e+00
1.791183485656275831e+00
1.613960046400909176e+00
1.488529010363579541e+00
1.838210060915157706e+00
4.629153519430764696e+00
1.747728976505281251e+00
1.830988040642575365e+00
5.804117179741764332e+00
4.328150822249024365e+00
5.290046433166661011e+00
1.841638798804118959e+00
1.802760863418465087e+00
2.352919227574302052e+00
1.458501824203417341e+00
1.544055180322924548e+00
2.680284804953064093e+00
1.089194540918203780e+00
1.590892625566141971e+00
