3.382787250910692656e+00
1.644777173356366307e+00
4.109763347451867332e+00
2.957998235106187757e+00
1.648459705042980783e+00
1.238424423441221833e+00
3.308920060319098244e+00
2.454369878770872315e+00
1.564847463141878059e+00
1.784000242007665715e+00
2.278015474138054941e+00
2.037244548487293638e+00
1.175538981839463037e+00
3.375009268263949203e+00
1.787363943747227957e+00
3.318931230008051791e+00
3.871959804681304185e+00
1.802766943174154646e+00
2.097035943384220946e+00
2.158201694526078018e+00
1.850845374159474144e+00
1.786002965435178558e+00
1.989375139717606933e+00
3.671085800097091401e+00
1.921193053777322968e+00
1.659150335574931301e+00
4.921558985450705137e+00
3.860899948438308193e+00
4.053560155874654569e+00
2.098394120009521302e+00
2.038743456829166245e+00
2.451057621107042284e+00
1.827290669920966781e+00
1.677870454057752481e+00
2.756742280355084063e+00
1.135853717237091498e+00
1.603768673788884547e+00
