1.112715771857536451e+00
1.139714901956748072e+00
1.074001129084285910e+00
1.010903174667358462e+00
1.099586892203919808e+00
1.087423270630565542e+00
1.073501615867098025e+00
1.166455930272563446e+00
1.137971290016888792e+00
1.106143835675115428e+00
1.008549462618440362e+00
1.012473125798274198e+00
1.116189790089055389e+00
1.027966333943526767e+00
1.040377036852078829e+00
9.999888861245019855e-01
1.020771151974087854e+00
1.076898514327473189e+00
1.001175414293583588e+00
1.022587976661063713e+00
1.019314415469785295e+00
1.059774431805728723e+00
1.098182146555565009e+00
1.060332539885928460e+00
1.038459823816601402e+00
1.079293011441940120e+00
1.020548046720186841e+00
1.038925728005784643e+00
1.009724151900686984e+00
1.039201521727600941e+00
1.041136466485130363e+00
1.042489039149897323e+00
1.051985970397403269e+00
1.202653198451264727e+00
1.054150096114797375e+00
1.007073599717497769e+00
1.191763088389148129e+00
