1.087721308961660194e+00
1.182653687453012248e+00
1.071002321445161831e+00
1.024656240258217110e+00
1.069934546008274312e+00
1.086885989174139144e+00
1.077248259928065277e+00
1.175968191694854337e+00
1.096233720111142951e+00
1.151676185939678909e+00
1.004255045977410443e+00
1.004033612102564366e+00
1.121908719991187242e+00
1.012954752504966471e+00
1.011811271053347117e+00
1.000762987067826959e+00
1.030814311793477156e+00
1.088027818255641321e+00
1.000073302302808331e+00
1.054536209520553269e+00
1.056882197026257852e+00
1.084102348148201278e+00
1.120147902562727449e+00
1.049269562922465537e+00
1.072540084126588633e+00
1.084202318408374000e+00
1.060565279382677195e+00
1.073699334073102252e+00
1.003115635627993552e+00
1.024109551074161573e+00
1.050908688343377584e+00
1.061393446293022125e+00
1.111340095967856545e+00
1.242787581620151016e+00
1.032504069694970772e+00
1.027961987046513981e+00
1.158948836498751689e+00
