1.071725728689867596e+00
1.148244382881963288e+00
1.057759414305563084e+00
1.003770118428492619e+00
1.113139579528534151e+00
1.069540690188403698e+00
1.067249771610967679e+00
1.203629288374198358e+00
1.088938369061918321e+00
1.187196203522283389e+00
1.029724290602870296e+00
1.042410680750036622e+00
1.051300667739615724e+00
1.037564805310109417e+00
1.049628317497050656e+00
1.002125560924034042e+00
1.060218097235287260e+00
1.046990299736052066e+00
1.020171874610668938e+00
1.023634731530274067e+00
1.068404593205600328e+00
1.038082035329208841e+00
1.139562829758948848e+00
1.028799009694081779e+00
1.065596052872579858e+00
1.047152838696785659e+00
1.077685186744659518e+00
1.025121031134974547e+00
1.003021636419185736e+00
1.008737419464774465e+00
1.038884814321679340e+00
1.071407971805599768e+00
1.053921601348490666e+00
1.262850786907572243e+00
1.015714539207019929e+00
1.015085299147656217e+00
1.156960908255257658e+00
