1.069234196823182215e+00
1.113450895763770099e+00
1.042642664836079369e+00
1.006574861229662110e+00
1.092875858935487221e+00
1.058464168265249139e+00
1.068851374282382416e+00
1.145185443139462356e+00
1.093112899685765749e+00
1.192119597175325119e+00
1.045753912224146154e+00
1.027758563199805630e+00
1.074868754810390570e+00
1.055459813611413278e+00
1.040030505945622741e+00
1.000039582899026280e+00
1.054131071786260643e+00
1.061963064121782985e+00
1.019719802305201206e+00
1.016094901707089049e+00
1.052502800427675522e+00
1.026839941729337458e+00
1.134311670366117797e+00
1.029703125082739978e+00
1.055515093858834463e+00
1.033295890408154838e+00
1.073649421789426572e+00
1.025915257875003483e+00
1.002957013231121186e+00
1.020449308637576769e+00
1.042304072129905279e+00
1.106388528168283925e+00
1.068407907379759880e+00
1.307759806744146047e+00
1.054410525303201229e+00
1.009121703089137290e+00
1.192506430891424829e+00
