1.028369780261000344e+00
1.035600339124647551e+00
1.056497667419852293e+00
1.314539994652150101e+00
1.082449728762969077e+00
1.150151865558502129e+00
1.049934310370791213e+00
1.021805221998762114e+00
1.090825998309731704e+00
1.005030836931186222e+00
1.064786343724585471e+00
1.040275594441589346e+00
1.126785334374015068e+00
1.034860540055847267e+00
1.022205899863476430e+00
1.025274687007095675e+00
1.014558707982185393e+00
1.117638131468743579e+00
1.086779142159735034e+00
1.025267765046130819e+00
1.024579153891462813e+00
1.065247891507470124e+00
1.067886275225337744e+00
1.033872148500263100e+00
1.018110779334617355e+00
1.024100867559805561e+00
1.035862426347809784e+00
1.068956638196102427e+00
1.020986670007271613e+00
1.128107056096085747e+00
1.049658627839493485e+00
1.014431172149178551e+00
1.018246302153293037e+00
1.002408029409477264e+00
1.178511717992015706e+00
1.091150318300252664e+00
1.048057689489766409e+00
