1.095455544580486773e+00
1.192257219187984107e+00
1.067008147205308788e+00
1.035608309620263734e+00
1.086281105430064509e+00
1.071480470728148671e+00
1.081585218344996990e+00
1.186515134047795961e+00
1.107737865659182530e+00
1.137368220907838179e+00
1.016728796513850286e+00
1.011251462460883044e+00
1.135505188618234351e+00
1.020250218497218642e+00
1.012176771663265695e+00
1.000966223963144275e+00
1.034234137518841745e+00
1.068041355995106301e+00
1.006174680108459230e+00
1.043974940095402371e+00
1.051481884046732151e+00
1.068051770173634063e+00
1.104268009941344220e+00
1.052001283742669768e+00
1.057480751273337072e+00
1.070193163954361815e+00
1.115248577123381990e+00
1.063179703830112288e+00
1.001278609248327678e+00
1.019611968234732657e+00
1.036843626746174918e+00
1.077046873459032383e+00
1.093601075181813709e+00
1.244604270347082764e+00
1.031795245320357379e+00
1.035043678002900425e+00
1.184156914119424586e+00
