3.327453236403217218e+00
1.683111341619445644e+00
4.362446547413695974e+00
3.094839031874377699e+00
1.612623265662809890e+00
1.216862282166112808e+00
3.343302442748281145e+00
2.551275401926915709e+00
1.485952915987441392e+00
1.767654248975248255e+00
2.355469042238889976e+00
2.098783263197684157e+00
1.147218556123253519e+00
3.496879184228173454e+00
1.828258711119646884e+00
3.645014806147450770e+00
3.915297723254782536e+00
1.624644660035532429e+00
2.066477539802740626e+00
2.058045820154745797e+00
1.785846231961748742e+00
1.696270274953955770e+00
1.930550542289402705e+00
3.967430196818308108e+00
2.042219860354236083e+00
1.615822663578752261e+00
5.232714031034770841e+00
3.864159647312311208e+00
4.270329676213409087e+00
2.133420316711209797e+00
1.969768795416564799e+00
2.406703412262626962e+00
1.603640662231149872e+00
1.660308334450500745e+00
2.648408364722584896e+00
1.124874328886752872e+00
1.626193179808142153e+00
