1.091272750037601602e+00
1.187228704749888397e+00
1.059201323441733233e+00
1.029581060914824153e+00
1.093262583292161860e+00
1.074040397637745059e+00
1.112822333190902846e+00
1.215789839438748743e+00
1.118964376545764861e+00
1.152820109400725768e+00
1.016226522489505735e+00
1.012860872685488633e+00
1.132745060774488666e+00
1.026869379176157393e+00
1.025545628173742951e+00
1.003127872079404126e+00
1.039697818967746157e+00
1.056856673591957341e+00
1.007837025659407804e+00
1.053113860436488025e+00
1.065480772057463055e+00
1.057342884282065132e+00
1.108337414553348887e+00
1.038690717960561782e+00
1.038254979012624757e+00
1.072411605360456655e+00
1.116693187004403676e+00
1.084423954628574771e+00
1.000417717319508570e+00
1.020270168712362091e+00
1.023988964721089356e+00
1.089687099926562208e+00
1.073858103960304566e+00
1.266848795328020083e+00
1.024781120042631555e+00
1.033319937849102921e+00
1.146149036476811656e+00
