1.157878232319125233e+00
1.156344668883455995e+00
1.084628700241319743e+00
1.249435712774257690e+00
1.222693531508683540e+00
1.356819008494734025e+00
1.231796044799310375e+00
1.027360404942577299e+00
1.124299551708071832e+00
1.343335166527972913e+00
1.000513754399486865e+00
1.169798459988379502e+00
1.339051714335757648e+00
1.045169489151817510e+00
1.087409241845044505e+00
1.184237919400532135e+00
1.031219366487211131e+00
1.116457538780629033e+00
1.042438103401459149e+00
1.237358802396966828e+00
1.057296032984265111e+00
1.031325499138969315e+00
1.090138671003071158e+00
1.086696005701996981e+00
1.052148548855263543e+00
1.162263985710480396e+00
1.089184265292062692e+00
1.013587339993931469e+00
1.003288199140966563e+00
1.097118714854738108e+00
1.118419238385475190e+00
1.065616432435835703e+00
1.132472145711869382e+00
1.341682467366625442e+00
1.170658836084787380e+00
1.000400043652733828e+00
1.201891081171442055e+00
