1.109807964171509953e+00
1.146406484586745655e+00
1.117731219107493956e+00
1.017232551055202494e+00
1.109335798583960475e+00
1.083584331581685323e+00
1.059492296404237255e+00
1.126161110909873253e+00
1.082931116475339461e+00
1.107352846329872742e+00
1.005916956389437900e+00
1.004240385438138761e+00
1.117594765294789738e+00
1.021193729213499601e+00
1.014178221228474674e+00
1.002599597961091993e+00
1.016587134964976435e+00
1.057425319391266383e+00
1.001729568402689674e+00
1.045679628592679489e+00
1.033790241906962892e+00
1.047105573027221181e+00
1.091735737866150302e+00
1.076339314014007176e+00
1.066828259003700596e+00
1.074166917718472947e+00
1.024093339917533374e+00
1.056441386358952794e+00
1.005466971579516144e+00
1.046773759797521297e+00
1.051244025646852487e+00
1.037308980833834493e+00
1.068872266772517232e+00
1.206463564485297457e+00
1.029740220625735780e+00
1.008741566318151150e+00
1.173406874882765072e+00
