3.327724280367091669e+00
1.695122448918333413e+00
4.078976285819114977e+00
3.021552990305521380e+00
1.696652362351454668e+00
1.286984789181882194e+00
3.241676955787050840e+00
2.455943719709659412e+00
1.601517250691600669e+00
1.801235317113119239e+00
2.198969759472795271e+00
2.071832884316227918e+00
1.211237355382863479e+00
3.415000991928088148e+00
1.786698761356795506e+00
3.241058131017822586e+00
3.739423774079309037e+00
1.837296548892090042e+00
2.092528537504549924e+00
2.126747774762483445e+00
1.851065293671881662e+00
1.764573545793998388e+00
2.060056057200857271e+00
3.601684771434142451e+00
1.882617846132588646e+00
1.668113008563294475e+00
4.763844621350916242e+00
3.879309150090175962e+00
4.013109809351867341e+00
2.039900111305403385e+00
2.010308283903306403e+00
2.402511594362660041e+00
1.868529471159549038e+00
1.761880419178399881e+00
2.705989246005142235e+00
1.128518062628455665e+00
1.681073768175513239e+00
