3.322653964228515555e+00
1.819892080434593495e+00
5.483073292285332911e+00
3.642668861726558127e+00
1.454351440219361802e+00
1.189420076403410409e+00
3.363167253119423439e+00
2.829393929598055468e+00
1.431560559429613910e+00
1.943284369882678941e+00
2.167070902632735052e+00
2.245110467168650370e+00
1.110338995001950435e+00
3.911955226880181602e+00
1.524124952569587022e+00
3.783444017423102324e+00
4.170679624801345575e+00
1.508883843150730097e+00
1.834812822659743548e+00
1.800252133250043851e+00
1.592544646118892349e+00
1.510931598059096492e+00
1.893499534197072842e+00
4.502021215925076092e+00
1.730986370772454652e+00
1.802040591514622037e+00
5.762131175252821258e+00
4.364648469775429973e+00
5.172448816318945930e+00
1.805859373261927914e+00
1.797898621274359066e+00
2.312165490191233186e+00
1.583503295036286840e+00
1.565378849479122314e+00
2.738075506883104193e+00
1.089094796187619396e+00
1.593146424165702513e+00
