1.026101458670049871e+00
1.038068041494165206e+00
1.045490973159499459e+00
1.320112632005992603e+00
1.080429066638900926e+00
1.149315936236012137e+00
1.048382982652150242e+00
1.022092026145516863e+00
1.082016400164672154e+00
1.004530691538735754e+00
1.050272647025016326e+00
1.041009105137985724e+00
1.112368327334577467e+00
1.022847569927781919e+00
1.025318162183277870e+00
1.026394637045932479e+00
1.011694477112539792e+00
1.116290183401470681e+00
1.089146473127333037e+00
1.021946980527341342e+00
1.026747513065682238e+00
1.074801681629030004e+00
1.072567439105218678e+00
1.025187706870489324e+00
1.014406265849175259e+00
1.019840119849102056e+00
1.038937575478003472e+00
1.056063368411672920e+00
1.023864666506610233e+00
1.125522454569073627e+00
1.061773294397121870e+00
1.009466225612684731e+00
1.018962871730639597e+00
1.000802612063426578e+00
1.167360761854147944e+00
1.078407710963695143e+00
1.053712367974092956e+00
