1.095598371340480659e+00
1.137989858560479739e+00
1.091676614932942879e+00
1.007561822255586437e+00
1.116047838358925626e+00
1.090430651263454509e+00
1.074447111721940518e+00
1.156475451515505792e+00
1.126950546807533149e+00
1.115900675570071554e+00
1.009052878009897736e+00
1.010621853343228960e+00
1.118422082853478550e+00
1.032596165841629166e+00
1.029550584972598104e+00
1.000097206838431507e+00
1.026337667699367850e+00
1.096745560546150244e+00
1.000595210446275640e+00
1.036028435441293416e+00
1.023518440484744385e+00
1.076601640089199563e+00
1.104182193511284327e+00
1.056300966638161309e+00
1.056246725298038536e+00
1.086644501228585691e+00
1.025245174075987586e+00
1.046453312295377858e+00
1.008635501657936917e+00
1.052956373704494242e+00
1.043163144006195031e+00
1.043522576366295196e+00
1.056018061038074718e+00
1.210795703537213663e+00
1.037433281972510946e+00
1.008487445653472481e+00
1.174037827106504395e+00
