1.079530414040042130e+00
1.173958952155462310e+00
1.048863033391954858e+00
1.023627360950737586e+00
1.104743389931627018e+00
1.083268595534925272e+00
1.098304507117132678e+00
1.268113401147644925e+00
1.131095135047541111e+00
1.146921910224603547e+00
1.024269105678549563e+00
1.012055292939145978e+00
1.112996126469778524e+00
1.037506849531461439e+00
1.028157711634617222e+00
1.001674695896154210e+00
1.041081456717769527e+00
1.050930364230062475e+00
1.008135625222253973e+00
1.053975314995814427e+00
1.077448583009399163e+00
1.051442655223162603e+00
1.101276499216768956e+00
1.036664167139723425e+00
1.031997455708322020e+00
1.064367889426685698e+00
1.107558165705219144e+00
1.068552166359046263e+00
1.001057320293169184e+00
1.020865622276595719e+00
1.017527501957381286e+00
1.103897318341359179e+00
1.064499327835107367e+00
1.264683181644112642e+00
1.031496376144740656e+00
1.042709322442662900e+00
1.129924487463240590e+00
