1.074112927591711619e+00
1.111186012829706193e+00
1.053082947009256864e+00
1.007703159756385247e+00
1.096662820729414012e+00
1.058409699196421583e+00
1.061198233111342537e+00
1.134395002001896247e+00
1.091812989712181325e+00
1.161668549941935691e+00
1.025102270179776731e+00
1.015333030649293367e+00
1.130594280322016143e+00
1.031234030283808778e+00
1.042800343107314509e+00
1.011599614935697389e+00
1.069496000929543111e+00
1.080404692635620556e+00
1.039728548648072737e+00
1.018311280645919581e+00
1.056249601362155621e+00
1.029653846141887374e+00
1.173612561943067734e+00
1.015946715099891096e+00
1.063134671005479426e+00
1.048646344102951211e+00
1.067703754938742478e+00
1.024444384325245538e+00
1.008120627866166519e+00
1.018457385977219465e+00
1.043954905132732591e+00
1.111453150597056183e+00
1.083951214084475145e+00
1.297170990963016912e+00
1.050269299326929806e+00
1.013362728249384004e+00
1.168133286220052192e+00
