1.083179315730667280e+00
1.190230143739824387e+00
1.061936936229816775e+00
1.023453412629666381e+00
1.088502658536037782e+00
1.070096970747412612e+00
1.067668677484565176e+00
1.176783089238603308e+00
1.108328471175286101e+00
1.129491887077174406e+00
1.010748406410519662e+00
1.005758388857324492e+00
1.127698695509923743e+00
1.016067368559715023e+00
1.005537907663996533e+00
1.000280084623830890e+00
1.028569580390365168e+00
1.078573014531855057e+00
1.003959838754737266e+00
1.048448698735932272e+00
1.062804298982514606e+00
1.067583476078065141e+00
1.094719570058913627e+00
1.050718478066418049e+00
1.052997042849199927e+00
1.082516542634720080e+00
1.102652926376492148e+00
1.068849904478394119e+00
1.002655460704027002e+00
1.024437845209393849e+00
1.034183911297461567e+00
1.075686794595174467e+00
1.092199051213103900e+00
1.238959995583806872e+00
1.021882424928290289e+00
1.047241242948905748e+00
1.172675883677442243e+00
