1.076197097909344036e+00
1.131678314408987918e+00
1.049208673398862590e+00
1.004251799977672555e+00
1.093560568673844324e+00
1.054097185192030217e+00
1.064261410215799675e+00
1.162079329489800639e+00
1.103485962502254392e+00
1.192781407855405096e+00
1.038816411743515689e+00
1.035043325080510224e+00
1.068182171592817697e+00
1.035592962211991486e+00
1.053322017345065698e+00
9.999253293844563295e-01
1.054553553257832732e+00
1.049458433471326835e+00
1.029219741551518075e+00
1.017343530538601826e+00
1.051973368466359249e+00
1.027435556496402169e+00
1.132247177884406319e+00
1.036121221142828119e+00
1.052995232946234649e+00
1.039234412857468870e+00
1.078415466094412745e+00
1.026845150853669120e+00
1.004450358957907241e+00
1.015078825050161448e+00
1.030383595211553649e+00
1.076133624114105514e+00
1.050717328454270572e+00
1.291567380029101875e+00
1.017878107579219149e+00
1.012203968607302551e+00
1.190909262175912531e+00
