1.071313433445158392e+00
1.115101658489000780e+00
1.050893946228792952e+00
1.003431825800213062e+00
1.111315767102754037e+00
1.054735008947500052e+00
1.065218938423337036e+00
1.120831479281176879e+00
1.084536941822344058e+00
1.190994514257276649e+00
1.024217915667087420e+00
1.023140896221941043e+00
1.121669106908805835e+00
1.030962211308335874e+00
1.050524719126965989e+00
1.011637926479250993e+00
1.065140856291222571e+00
1.067058583755791545e+00
1.038888203941174204e+00
1.016812837955801907e+00
1.044261919592217369e+00
1.027041553021221576e+00
1.164737250616403319e+00
1.026606675553335402e+00
1.035301943391775836e+00
1.045389010155553189e+00
1.048956832511794834e+00
1.033993603240138670e+00
1.012494602164627278e+00
1.017980327515711769e+00
1.046761362309127863e+00
1.089939727815350645e+00
1.085753729605125173e+00
1.317871316335569309e+00
1.044160581604062221e+00
1.005800746809794477e+00
1.147780606478883803e+00
