1.051768410824863720e+00
1.395492795010677467e+00
1.147253219145122349e+00
1.013195271625207727e+00
1.043396146695908966e+00
1.040319884413873019e+00
1.299346783544537143e+00
1.058911711385233767e+00
1.069295441228430565e+00
1.033759728790469401e+00
1.164251848010966262e+00
1.088090826029550096e+00
1.008353818450031136e+00
1.000538590618657020e+00
1.019441231455833208e+00
1.194034155235994543e+00
1.030506716413725377e+00
1.109951567124732863e+00
1.042136522259197173e+00
1.120148000768434349e+00
1.147129394130002256e+00
1.096446687443888957e+00
1.139457308174107730e+00
1.011081254322023337e+00
1.018339872059322637e+00
1.018923809102222577e+00
1.125706566044649026e+00
1.042511561953012311e+00
1.007812996901783720e+00
1.009846942627525834e+00
1.193428592688758672e+00
1.103476318915378895e+00
1.145672588374548218e+00
1.082859188985582533e+00
1.019702450698859231e+00
1.050956736985478424e+00
1.100782093538761774e+00
