1.000053427052097987e+00
1.023597900490030188e+00
1.086455935576861487e+00
1.018512022901052250e+00
1.004862821090543479e+00
1.008116628185117047e+00
1.060740545555348024e+00
1.012768107167910214e+00
1.069049701607566849e+00
1.052814639663322893e+00
1.010260765487550394e+00
1.003991170771291186e+00
1.074600410674668494e+00
1.024238063853957659e+00
1.080329436889531536e+00
1.091522444962777616e+00
1.142862908126985877e+00
1.059665141847650371e+00
1.007275429286368151e+00
1.054649905486239270e+00
1.076952799546626149e+00
1.062940384398812554e+00
1.083283574859455145e+00
1.002808930756284189e+00
1.157276515133503159e+00
1.033700588271986964e+00
1.015355563945813833e+00
1.032342041121240728e+00
1.031577486571223945e+00
1.004188858525819183e+00
1.065621176972200157e+00
1.119964718149751848e+00
1.087745748781850708e+00
1.015622133944941163e+00
1.030622480280045217e+00
1.051900177894133481e+00
1.022653894495818117e+00
