0.000000000000000000e+00
2.815469494187166147e-02
4.996189385804261640e-02
6.772421105387235740e-02
8.271075144384983091e-02
9.568045543914714679e-02
1.071209120322276914e-01
1.173631208600927900e-01
1.266412610082797707e-01
1.351270457946503467e-01
1.429501515718928639e-01
1.502105861838034517e-01
1.569873535230623118e-01
1.633438054221393043e-01
1.693314320464192058e-01
1.749927849607394448e-01
1.803633828157297780e-01
1.854731664836817284e-01
1.903476200867348367e-01
1.950086609254888526e-01
1.994752049034692054e-01
2.037637163748715619e-01
2.078885613075175109e-01
2.118625595337753353e-01
2.156969935868555399e-01
2.194019282048908226e-01
2.229862953210310639e-01
2.264581746395264439e-01
2.298247972595255373e-01
2.330927475075034172e-01
2.362679709876016054e-01
2.393558957564021761e-01
2.423614729714105298e-01
2.452892348924146371e-01
2.481433477985903746e-01
2.509276326276260738e-01
2.536456309148630295e-01
2.563006056062765436e-01
2.588955873514742212e-01
2.614333711835409302e-01
2.639165760532935501e-01
2.663476383943276238e-01
2.687288178223044555e-01
2.710622384019115705e-01
2.733499080711105367e-01
2.755936638736283251e-01
2.777952537646968811e-01
2.799563157901928112e-01
2.820784004090409747e-01
2.841629750118728759e-01
