1.000080482880486121e+00
1.006739217302968559e+00
1.000041096732888546e+00
1.002485051985855913e+00
1.003147790007360207e+00
1.001205272567904592e+00
1.000896447676403511e+00
1.006052047153086493e+00
1.007481492504019860e+00
1.000990043458576118e+00
1.007579350975797317e+00
1.007345624787115534e+00
1.000168230449428597e+00
1.000067531966915224e+00
1.001852479169878185e+00
1.000803524360679653e+00
1.001768355213861650e+00
1.001920748186227339e+00
1.000868508128669676e+00
1.000792885589284253e+00
1.003842501393426900e+00
1.002806088236000814e+00
1.001608453451098946e+00
1.004031632966279508e+00
1.002459510582556446e+00
1.000308735110574609e+00
1.009448092711682898e+00
1.000042995745036745e+00
1.004820831859251973e+00
1.000818946031623691e+00
1.007469010566724554e+00
1.001770729496630485e+00
1.001926125067691187e+00
1.002854891604662457e+00
1.000482247401337732e+00
1.002597996030219818e+00
1.003996645805985466e+00
1.004853409264418573e+00
1.000329698059796657e+00
1.002260689373447144e+00
