1.000605779860246347e+00
1.002625454083028611e+00
1.002320037139335041e+00
1.002738578703138206e+00
1.000643952314377527e+00
1.000370839868975015e+00
1.054461655752319205e+00
1.005599897444295232e+00
1.009355654808704594e+00
1.008053023277243998e+00
1.001398024809962983e+00
1.001702690900269088e+00
1.005230654962761427e+00
1.007221391463573035e+00
1.003187969013094261e+00
1.013934779261377095e+00
1.015348498526281507e+00
1.001592434240454965e+00
1.012568966428317285e+00
1.018517112604372610e+00
1.000368881852002012e+00
1.063602260698720992e+00
1.004235313510371652e+00
1.009753874083039848e+00
1.010888989008162708e+00
1.005727094539156319e+00
1.003005372907235904e+00
1.009117478411091007e+00
1.002870334754536463e+00
1.002599745607798409e+00
1.001720737773547310e+00
1.000704271910422882e+00
1.003269903986217182e+00
1.008409116230734037e+00
1.001303084631192997e+00
1.017179489579294049e+00
1.007274189000100684e+00
1.001183287499491037e+00
1.004030261915622946e+00
1.006941353395502059e+00
