1.013932348115042403e+00
1.004392086948749485e+00
1.017078094865319970e+00
1.016517816065052759e+00
1.019296599566349881e+00
1.009928565659332422e+00
1.006805683401786000e+00
1.025638191274696354e+00
1.012808094699117811e+00
1.031112444857960275e+00
1.025479068486759848e+00
1.041138078644958442e+00
1.033666111612217664e+00
1.009448169171559551e+00
1.009336157037097781e+00
1.014161050948604537e+00
1.020430411655630420e+00
1.008335872334059191e+00
1.020854390940598710e+00
1.017742684803708997e+00
1.015510298578401249e+00
1.001950709300733378e+00
1.059860179869946739e+00
1.010608554507621548e+00
1.014047414541962233e+00
1.020932195680751331e+00
1.019949389021177710e+00
1.022410969431793548e+00
1.013141819903685681e+00
1.015232240174372302e+00
1.024208237779554720e+00
1.014396107697199678e+00
1.047896453150913398e+00
1.006040253664589157e+00
1.024577797348525277e+00
1.034867121643576304e+00
1.022237654043696820e+00
1.014568115657910941e+00
1.021134619195940285e+00
1.050150875945488949e+00
