1.006233955568158089e+00
1.009164312023703269e+00
1.010931395895909635e+00
1.022754084159409826e+00
1.004150357476778943e+00
1.012075851935144932e+00
1.010444948069227911e+00
1.009024217319169692e+00
1.005378761530191900e+00
1.014102173415200037e+00
1.015996892619137171e+00
1.005397891341851313e+00
1.008386158039237257e+00
1.005103749210129349e+00
1.024896163415109918e+00
1.008298930950618733e+00
1.001046178748151716e+00
1.024437475266416042e+00
1.009634854646798585e+00
1.003438484525316587e+00
1.007816031900845788e+00
1.012184890584255204e+00
1.015552399159917796e+00
1.020450542858388987e+00
1.010685248747356102e+00
1.023000965810418883e+00
1.025912913643679980e+00
1.008841137873525140e+00
1.010965555883428291e+00
1.015346713436831028e+00
1.006007996239081770e+00
1.004989095169123381e+00
1.006772114866082202e+00
1.013360700069892761e+00
1.000492206586585997e+00
1.006376836921369478e+00
1.010769975286503364e+00
