1.109151959264358611e+00
1.136564718094922322e+00
1.075115949635547574e+00
1.010045868788478352e+00
1.106680107352725262e+00
1.096207758158448176e+00
1.070742118860448899e+00
1.161150514028959302e+00
1.128874810163244868e+00
1.113311279025375855e+00
1.009917739975481510e+00
1.012599679889362170e+00
1.124074021578270743e+00
1.028971958318639413e+00
1.040338512758053335e+00
1.000180489431050646e+00
1.026154677592603148e+00
1.083874769868029331e+00
1.000832909919130431e+00
1.030179182589466391e+00
1.018819356807794341e+00
1.070890071469952298e+00
1.091655931206775509e+00
1.060057997136335084e+00
1.045074553737563416e+00
1.075747093633032225e+00
1.019535058008717465e+00
1.038610089779490986e+00
1.006405302233966514e+00
1.043050824729702786e+00
1.040785102868456047e+00
1.046963049658210965e+00
1.050986383907688060e+00
1.208588806538498650e+00
1.047631362339832339e+00
1.009602983886985772e+00
1.184796342058066942e+00
