3.306331099198949186e+00
1.767930436172625130e+00
5.662930954284338902e+00
3.789983951055925449e+00
1.506045565020093679e+00
1.198237908939205454e+00
3.538612006184617353e+00
2.879262540850086260e+00
1.367872124259481570e+00
1.943971523701304438e+00
2.293252593011934515e+00
2.354001251466373734e+00
1.114560190727865718e+00
3.725279651156809813e+00
1.662362393288528750e+00
4.356576625972913952e+00
4.049772551215427008e+00
1.496363253476843402e+00
1.993854699494164828e+00
1.952715535017844006e+00
1.685702047929725111e+00
1.603237009878165420e+00
1.832405921709101548e+00
5.080825956838094903e+00
1.862837448666516238e+00
1.726912276509309452e+00
6.323843385648070026e+00
4.090177455503581250e+00
5.298755223115040991e+00
2.001502182917574313e+00
1.869652322167573821e+00
2.384507104224640628e+00
1.480429295092337227e+00
1.537117157114956445e+00
2.835090619698242609e+00
1.095784859055963345e+00
1.575753069525156924e+00
