1.110310413488810655e+00
1.149456522173740058e+00
1.114924918262361730e+00
1.015979106116961628e+00
1.112658383839396192e+00
1.089970106509436487e+00
1.061948409584682729e+00
1.123980881712232094e+00
1.084092824821922818e+00
1.106393783733489844e+00
1.005229866530595428e+00
1.002318946434067382e+00
1.113053248771798787e+00
1.021618868102790678e+00
1.015668362126331381e+00
1.003818420416421331e+00
1.020485143453442767e+00
1.067185451315576294e+00
1.001620560538387883e+00
1.040969926716547755e+00
1.031029942983787473e+00
1.050578984541230776e+00
1.101331567954587642e+00
1.075213974805312889e+00
1.064784972920765238e+00
1.074372138447357905e+00
1.025884373259549287e+00
1.057960059820714394e+00
1.004381371188596273e+00
1.045491555222886504e+00
1.051026679344593484e+00
1.035431768836209354e+00
1.063652180091346100e+00
1.216713449374285938e+00
1.025894639873789149e+00
1.009615791698203369e+00
1.172625007770667471e+00
