1.087564920639364940e+00
1.178290265142594606e+00
1.079572772865146524e+00
1.028014770318829152e+00
1.090895449136579876e+00
1.093116596828661802e+00
1.072425910176228570e+00
1.179868775154755189e+00
1.090550693095923007e+00
1.139919250300470255e+00
1.008020277810707910e+00
1.003793437131366595e+00
1.137400327040298365e+00
1.016194302981004549e+00
1.011339288643801071e+00
1.008756346948745053e+00
1.024761141629852101e+00
1.090100312976263641e+00
1.000002896775078698e+00
1.058960798207490894e+00
1.043354468327564399e+00
1.077860218243175128e+00
1.124957900750188200e+00
1.051188845588375997e+00
1.071072065318714683e+00
1.064542726957705021e+00
1.062529400515159983e+00
1.062963052641968886e+00
1.000510029163591552e+00
1.014753382552166849e+00
1.048254504002895438e+00
1.077533090749952294e+00
1.119501039507013518e+00
1.231915035014522708e+00
1.049573338066674077e+00
1.032331800590658766e+00
1.169457760158560289e+00
