3.336944051654413990e+00
1.675526471588314470e+00
4.144575666551412851e+00
3.019654601078298306e+00
1.700926190208398969e+00
1.279923167058696576e+00
3.282419156816024142e+00
2.491975278963894258e+00
1.593026241602811810e+00
1.809045903404499889e+00
2.167689113843220383e+00
2.061333824588118091e+00
1.196534761304589356e+00
3.400093734808711687e+00
1.773166067247355038e+00
3.259290903802752215e+00
3.744473889524085664e+00
1.838568004226860175e+00
2.172106372371925165e+00
2.202147947832706620e+00
1.921105525352762244e+00
1.840245440448078140e+00
2.028536580404763257e+00
3.645535666763371374e+00
1.862024929880372381e+00
1.654930343106439494e+00
4.930446221139018981e+00
3.892955162165712579e+00
4.072205304467825471e+00
2.022458282168857480e+00
2.002185369974598839e+00
2.352502719921012009e+00
1.857254983228320722e+00
1.734168116999299514e+00
2.703160537892499438e+00
1.129736081434522532e+00
1.679036545848843431e+00
