3.319062845741969525e+00
1.576634860893901813e+00
4.902076446756529648e+00
2.899410129298170435e+00
1.701262589205407849e+00
1.573506187343946205e+00
3.011664986674555955e+00
2.245061200631154108e+00
1.953636899392049653e+00
1.893911550695080326e+00
2.493607480910479790e+00
1.754065234665401540e+00
1.416966133949454809e+00
3.817844143967113801e+00
1.410118412729236104e+00
3.300196696460061752e+00
4.197689768575419755e+00
2.110312950073312432e+00
2.058302477681588361e+00
2.050075823696117183e+00
2.014271124085518228e+00
1.591298192833759062e+00
2.281094952663906383e+00
3.653062381497462763e+00
1.759050741766870374e+00
1.922074298825544814e+00
5.155330966647085233e+00
4.040149029467627884e+00
4.717493523117044063e+00
1.702864905402622808e+00
1.721708363713699841e+00
2.710747844134870022e+00
2.654388362627188691e+00
1.830857453842915650e+00
2.502330439251924776e+00
1.092796592335668393e+00
1.980326535202245219e+00
