1.120735238635141906e+00
1.146820731084321920e+00
1.079210736477871357e+00
1.012020233131764479e+00
1.106355218616973835e+00
1.087299873991602661e+00
1.072183291766731772e+00
1.170133654886835073e+00
1.142022337413403310e+00
1.107099006208355663e+00
1.008414772149297534e+00
1.013422113607187702e+00
1.119035204918515269e+00
1.025807634413779201e+00
1.041592736961589383e+00
9.999919178443857914e-01
1.023206672193117672e+00
1.082098773629796007e+00
1.001704049119108708e+00
1.023480231379624517e+00
1.020478378405893949e+00
1.059753513774646105e+00
1.097289397936520361e+00
1.061178519715196389e+00
1.039244084564033610e+00
1.077152819127844774e+00
1.023449838460257943e+00
1.043772177196399920e+00
1.008806397142628652e+00
1.039720203121177855e+00
1.040830365262727764e+00
1.040356733553157609e+00
1.055700467066988057e+00
1.199114724732085469e+00
1.052627787320163044e+00
1.008907286392591862e+00
1.190929281318843680e+00
