1.104255529814747616e+00
1.147925607267195502e+00
1.086212043013214723e+00
1.011463747192631324e+00
1.121274582515900953e+00
1.087414063694718935e+00
1.060067363919784622e+00
1.149517654339629713e+00
1.117308178197566448e+00
1.120271213404263611e+00
1.007519775576169563e+00
1.008058129792952728e+00
1.110663559764992536e+00
1.023370245523848476e+00
1.025254764584113909e+00
1.000431024197632413e+00
1.022058942745274424e+00
1.098329803451376430e+00
1.000300551844209851e+00
1.037428390651351506e+00
1.025364673803520033e+00
1.070369836167672561e+00
1.096538142633759483e+00
1.059773130032207744e+00
1.062180011074662866e+00
1.089796933140924295e+00
1.020719482492053132e+00
1.046586314532771400e+00
1.010649196888604662e+00
1.050554811773344532e+00
1.039963340898197197e+00
1.043874568228267963e+00
1.061035773526472825e+00
1.208692504310172611e+00
1.035841969619687442e+00
1.006580665820243192e+00
1.170246400551106403e+00
