1.072279269588231498e+00
1.139361920902878245e+00
1.102858217639359983e+00
1.030191264823202779e+00
1.111005503419898011e+00
1.083583907875085073e+00
1.064202208767800029e+00
1.162455858598286706e+00
1.103890545055619343e+00
1.155922525490968189e+00
1.004723398328060791e+00
1.003969175515357470e+00
1.096691058492525350e+00
1.016274374082592358e+00
1.010372755643045739e+00
1.010331554397529086e+00
1.021191320399058355e+00
1.076017668828086915e+00
1.001423828094222035e+00
1.065432913687298644e+00
1.028782547604484954e+00
1.071902839771722959e+00
1.099207482136523639e+00
1.062076883594370580e+00
1.072077017846768454e+00
1.077967265066037239e+00
1.052031691865702445e+00
1.052080003694501942e+00
1.003779374397584911e+00
1.038005126708731130e+00
1.046833767080866284e+00
1.042935315495620463e+00
1.083651787137885236e+00
1.269884859537287580e+00
1.029321739411322545e+00
1.022445751709943895e+00
1.173060405247151827e+00
