1.114374971849398266e+00
1.228394406794290461e+00
1.040663969762690932e+00
1.103836641804992080e+00
1.174176169894659338e+00
1.062859285546093657e+00
1.219354667108392576e+00
1.075497412380318485e+00
1.133703191023853085e+00
1.360018505083367302e+00
1.010046988958862357e+00
1.017286513161596018e+00
1.176563068703403880e+00
1.020074523268384326e+00
1.041048410840197613e+00
1.014484115260263053e+00
1.089948660042891371e+00
1.077985476830879863e+00
1.019932133094068938e+00
1.008134026988205534e+00
1.000124114253638785e+00
1.024784304450703232e+00
1.078856183384376166e+00
1.037997850183694837e+00
1.021152667971379380e+00
1.083855032441266575e+00
1.007710226360200023e+00
1.002503179638824848e+00
1.017945139550652689e+00
1.110144265590944590e+00
1.114054082061487705e+00
1.063969141589078848e+00
1.246621382717581827e+00
1.181376730202062797e+00
1.049003886037950029e+00
1.022000542176510596e+00
1.064648660070697694e+00
