3.535565488589197614e+00
1.925673928573416571e+00
6.322986941034382191e+00
4.388593689755682981e+00
3.453047852113357408e+00
2.330784699315220365e+00
3.287740400794981532e+00
3.964038602313285420e+00
4.666081199241055799e+00
2.051114923873449847e+00
8.305605287394410396e+00
2.581558663211535265e+00
2.065341119929744895e+00
4.629958600670706304e+00
3.060780210087591602e+00
6.496471517319282185e+00
4.707100404058762066e+00
3.932508605800664192e+00
8.318939600070393681e+00
6.165432705485155651e+00
6.797189514928189347e+00
3.085437484914150819e+00
4.682965046595284342e+00
6.833762232885733923e+00
3.227527270971394913e+00
2.069385068071984524e+00
1.088963318345410869e+01
6.398011407922476579e+00
5.789013780745097648e+00
3.444699722744954062e+00
1.732083707912101422e+00
5.721343769588830952e+00
6.792116457581721889e+00
3.425217640230811877e+00
2.867785584227788842e+00
1.058633266522718719e+00
5.506908956457981397e+00
