3.331898238638797860e+00
1.662960010667645205e+00
4.099654850725721111e+00
2.999714089843884324e+00
1.659220510877145616e+00
1.245280002772479744e+00
3.265177675962641413e+00
2.434736675645229109e+00
1.579261432492962580e+00
1.782547372489913240e+00
2.238446544971097296e+00
2.032225715167929270e+00
1.185883432579528884e+00
3.365587895246084482e+00
1.753988937410130067e+00
3.263336459559965874e+00
3.793976711121188838e+00
1.829598855648088884e+00
2.120173955007520039e+00
2.176499862579617250e+00
1.873482972578456751e+00
1.800594677735871008e+00
1.979935702883723003e+00
3.649999916256896793e+00
1.886053425834794295e+00
1.675504230730710420e+00
4.875844453632075748e+00
3.840754802465247586e+00
4.026389874644678457e+00
2.044833068366454842e+00
2.024502187401873599e+00
2.423165509519139782e+00
1.848876009667408837e+00
1.690311230084494465e+00
2.728878086491840271e+00
1.133624183937121721e+00
1.619931865210978650e+00
