3.295888499734784816e+00
1.700444278270484721e+00
4.629932459926139110e+00
3.378248453631550241e+00
1.591543386158180473e+00
1.204751065852834424e+00
3.345477765619849553e+00
2.551769870456570555e+00
1.480416923981262345e+00
1.757477845034136177e+00
2.353667712988627869e+00
2.192411458981382122e+00
1.145984153942017469e+00
3.496725829324957235e+00
1.785335428355955489e+00
3.770022995502758878e+00
3.935693486769675342e+00
1.758246460279593082e+00
2.292516922672491297e+00
2.303561468901428544e+00
1.899920944337966766e+00
1.827102448440250937e+00
1.893967236420544431e+00
4.211846965576291346e+00
2.016141854785097109e+00
1.601418048914404757e+00
5.177777401787220235e+00
3.846050874023645427e+00
4.434703932323020403e+00
2.156808229441573577e+00
1.973707705780058497e+00
2.479236911734257198e+00
1.661265638004603806e+00
1.631279340363958497e+00
2.689000026239887209e+00
1.129709397004436955e+00
1.609418781048822078e+00
