3.366079540232209677e+00
1.711690615662665005e+00
4.129822333701690162e+00
3.062401927657516065e+00
1.743113686744562463e+00
1.276565354465499125e+00
3.263944742732704185e+00
2.496082277689708473e+00
1.625831812123520681e+00
1.807309130730925251e+00
2.147324586468792429e+00
2.093570916306944696e+00
1.191522183303960425e+00
3.493576462453072740e+00
1.811289319326125913e+00
3.282283325443182243e+00
3.795623087398338313e+00
1.748095888128063713e+00
2.029663056386054265e+00
1.979239908300510775e+00
1.847992223702072501e+00
1.757194438941056092e+00
2.051207038693403373e+00
3.662445749910718362e+00
1.879276004407941958e+00
1.639186499431272814e+00
4.831550804565456936e+00
3.933425027400857754e+00
4.065614314093481951e+00
2.041703433201671913e+00
2.013351326347209813e+00
2.404274263556657854e+00
1.934573002662656194e+00
1.752819791736384136e+00
2.754281167637684824e+00
1.140385220478354000e+00
1.711428219150684216e+00
