1.073148782543937418e+00
1.168814331914486360e+00
1.065465529838844683e+00
1.010325606817565225e+00
1.148370721687005380e+00
1.060212357811332939e+00
1.076475069547363939e+00
1.240149979978973915e+00
1.111263794842364705e+00
1.179170050241450163e+00
1.034770916337544477e+00
1.029896102898442134e+00
1.076039977323720809e+00
1.037100663178692761e+00
1.038603714422307700e+00
1.001134572211552998e+00
1.059896923312981798e+00
1.035092858583797071e+00
1.022164103346737907e+00
1.020322560971390180e+00
1.089184278452001831e+00
1.032196768005391396e+00
1.179520168684491832e+00
1.038430064974318334e+00
1.084043623143262858e+00
1.046224487935062175e+00
1.092931470225170676e+00
1.048535330139188648e+00
1.004204161528862826e+00
1.012394879029482775e+00
1.051014851783891979e+00
1.080094549384199576e+00
1.057990703808943334e+00
1.300710713843167943e+00
1.012446200687763920e+00
1.016085423885243033e+00
1.194041078721292726e+00
