1.079612012666643750e+00
1.188068692412255656e+00
1.041340592702172385e+00
1.013351982832994658e+00
1.148269930644921999e+00
1.078784244164717299e+00
1.078013043697967799e+00
1.214154340036489588e+00
1.107375232762119577e+00
1.119358548027954203e+00
1.026544354686097282e+00
1.024636075059822682e+00
1.071876338269439177e+00
1.027538725584920432e+00
1.038472364151246996e+00
1.001478204270591865e+00
1.046369108161663064e+00
1.033133207311896617e+00
1.024807093225203580e+00
1.009181094042314486e+00
1.071554251997742346e+00
1.067392703517125785e+00
1.164375124460505617e+00
1.041283198034328450e+00
1.077382962472551942e+00
1.061452274017993247e+00
1.087457728152060099e+00
1.036964803218908271e+00
1.005858154087459821e+00
1.009474639270178997e+00
1.042183190200769660e+00
1.107098352478296244e+00
1.057028164589472130e+00
1.292851838145430587e+00
1.034592194131153109e+00
1.025570575762990488e+00
1.137396623844346477e+00
