3.285014907506528470e+00
1.789776944761892974e+00
5.552114086378559854e+00
3.789001654192838409e+00
1.562640738903005033e+00
1.214677617838499701e+00
3.463229632963697568e+00
2.899349240140710382e+00
1.393290460492716099e+00
1.953046933691980458e+00
2.279420530875246875e+00
2.348421962937800256e+00
1.116106461593630694e+00
3.697130524939967966e+00
1.646916931051001454e+00
4.341817381020488753e+00
4.034983428301206487e+00
1.492668749224052016e+00
2.059134859978626331e+00
2.017748813169915945e+00
1.718454098530012297e+00
1.614563442166697449e+00
1.841317308024559951e+00
5.041246969671298039e+00
1.847326575280558325e+00
1.720326228051086481e+00
6.174146226682561966e+00
4.073389429195890976e+00
5.182338583700802914e+00
1.988856294473559716e+00
1.847591266950051825e+00
2.392405676810024584e+00
1.501475091096564851e+00
1.543085803480432228e+00
2.797336896032835085e+00
1.093724078783869347e+00
1.662250987385871293e+00
