3.328477322353935897e+00
1.709852237584836621e+00
4.691525491354942012e+00
3.375340836736837158e+00
1.588657475091560300e+00
1.214183539543660428e+00
3.393857523449475444e+00
2.554363399367997278e+00
1.483659057452181962e+00
1.773702442548805713e+00
2.330408318899012787e+00
2.169334019790457813e+00
1.145829949692961591e+00
3.489560869812160071e+00
1.787674573413687629e+00
3.711031842157078486e+00
3.940526173874349780e+00
1.687806738888140590e+00
2.072612173727604201e+00
2.110530840834673239e+00
1.778690183378076828e+00
1.707006618720090740e+00
1.905859300029925762e+00
4.185483630370576691e+00
2.019413605299475556e+00
1.599225655998897988e+00
5.225884780385732675e+00
3.835123897443241336e+00
4.499086893083242167e+00
2.097849704083967648e+00
1.997783316826437394e+00
2.464895698515805478e+00
1.630569413890914587e+00
1.636900893163578896e+00
2.723696620839609395e+00
1.124435719676122547e+00
1.611960406520341893e+00
