1.074421305671647842e+00
1.181165919466917957e+00
1.048007811723798088e+00
1.034149506353708947e+00
1.076741559584345698e+00
1.073738340453833873e+00
1.066675504615617109e+00
1.185093926880657955e+00
1.101008795712091537e+00
1.137418643202885660e+00
1.010647199466627733e+00
1.003924058258207408e+00
1.118807727105792127e+00
1.015700285434418593e+00
1.009258851171702442e+00
1.000323894903336619e+00
1.024486391548635744e+00
1.083402282341628942e+00
1.002514741518782948e+00
1.057207394469961370e+00
1.059710078258581323e+00
1.072411917814026339e+00
1.094197108513822458e+00
1.061602806632308882e+00
1.052401825981943873e+00
1.084616943428173830e+00
1.094600140830621626e+00
1.072230337330682737e+00
1.004044778757243295e+00
1.026766504227329069e+00
1.040681509823169870e+00
1.069280860902481756e+00
1.101894741362643870e+00
1.235090863842047249e+00
1.031222709916417291e+00
1.037877251331732698e+00
1.165668480485368752e+00
