3.325280762487000885e+00
1.836786757614751187e+00
5.770888727960560516e+00
3.773146185138305242e+00
1.479312438285437015e+00
1.201974538181558083e+00
3.418594118050542807e+00
2.774938150947111826e+00
1.407514907259648007e+00
1.906867735432113298e+00
2.145869779114165432e+00
2.266368965205318720e+00
1.096694290564529384e+00
3.900457918360797471e+00
1.517952013041907300e+00
3.886148754919134696e+00
4.088217021161138831e+00
1.423320446466216804e+00
1.874185309882869355e+00
1.828620467181153231e+00
1.640230054583930563e+00
1.518434536085482289e+00
1.855232947496548768e+00
4.748515728620471776e+00
1.735846735825468556e+00
1.776768370740823721e+00
6.011399303085890544e+00
4.359886384759473543e+00
5.385997875057862316e+00
1.802809572840908148e+00
1.811547158409795966e+00
2.319026509986342521e+00
1.502604747369730154e+00
1.554692110524657167e+00
2.696051779662344217e+00
1.074078396500868005e+00
1.616834665438066310e+00
