3.324366638124468754e+00
1.704460504128638476e+00
4.789002856183224743e+00
3.417158091831417277e+00
1.520586791580232688e+00
1.193844826280141325e+00
3.482197629805190431e+00
2.758664521387321766e+00
1.456533987524370355e+00
1.787305875547553269e+00
2.321128142926855098e+00
2.254133080341187867e+00
1.122830328028092461e+00
3.599444655125925152e+00
1.744019360949532471e+00
3.962768158943726693e+00
3.924630242766101951e+00
1.728451245308774142e+00
2.180917207646362765e+00
2.175998923337914004e+00
1.845107641017674771e+00
1.758812626038384508e+00
1.853729623193676401e+00
4.319123874696265908e+00
1.985539470321993516e+00
1.651101113244592300e+00
5.478438439712916441e+00
4.013524721244034588e+00
4.582982491146465165e+00
2.111187647231850040e+00
1.997385840217152708e+00
2.374590063039172527e+00
1.653912054224433881e+00
1.598782073358194111e+00
2.726325477949198550e+00
1.126848911784039453e+00
1.592524068484152622e+00
