1.000234491350415533e+00
1.001352934456521959e+00
1.000540713176102825e+00
1.000534082059326257e+00
1.001739197077974763e+00
1.002394602198164675e+00
1.000352564047155335e+00
1.001182684092488229e+00
1.002479427637747555e+00
1.001052098100476240e+00
1.001315185116926854e+00
1.002749071451159990e+00
1.000774471036619984e+00
1.000820596232927073e+00
1.000952047881312534e+00
1.001163089118747740e+00
1.000366644333622990e+00
1.000109969370756913e+00
1.001661547511508266e+00
1.002031615877706949e+00
1.000431930812436532e+00
1.003196521183208345e+00
1.000648959137216520e+00
1.001103093223113971e+00
1.000817649932320252e+00
1.000746510364291630e+00
1.000068317952907293e+00
1.000327000594226856e+00
1.000527825113470382e+00
1.000836812768151285e+00
1.000841054942689157e+00
1.000365681174522958e+00
1.000500296672387268e+00
1.001337927778562120e+00
1.001242955052655814e+00
1.000429090703581769e+00
1.000967432323507600e+00
1.000938381529180132e+00
1.002254306027843711e+00
1.000693822731628879e+00
