1.029158151383387843e+00
1.028712898770874018e+00
1.045057368224837191e+00
1.307884707656574275e+00
1.083631748205267753e+00
1.133188331977344587e+00
1.044622187492284526e+00
1.024585804453026716e+00
1.072039004073009671e+00
1.005324348248264776e+00
1.055291879137638444e+00
1.035012984726987773e+00
1.129376205136255695e+00
1.019632149179521052e+00
1.024003294098384975e+00
1.019471457861960140e+00
1.011299080790170946e+00
1.095792353894971649e+00
1.088278232703747683e+00
1.019469042071876164e+00
1.028603026637514573e+00
1.068343201678032761e+00
1.075654422743483440e+00
1.022755094701316647e+00
1.019509794719685392e+00
1.015966193667747763e+00
1.033583447034483571e+00
1.046966735519219371e+00
1.021082534882744586e+00
1.144269797327198024e+00
1.060761276884154558e+00
1.009357824596192055e+00
1.018205154499788545e+00
1.001115828758974757e+00
1.161657109175187941e+00
1.076563756631801816e+00
1.050649217344170605e+00
