3.367866096138402821e+00
1.758307520079213537e+00
5.203876417089709605e+00
3.428931018580502421e+00
1.523652077575343711e+00
1.315175027412729847e+00
3.283241985078633629e+00
2.789006156278730497e+00
1.478915203139397727e+00
1.804587493732250358e+00
2.068598710934971496e+00
2.138636321343612146e+00
1.184121026949969346e+00
3.972987549910643956e+00
1.497390193399029901e+00
3.675537247358645399e+00
4.400135707428203702e+00
1.566145013098267702e+00
1.895653648807295921e+00
1.830978068798410741e+00
1.665949550586347971e+00
1.548423283518244542e+00
1.940375166331334444e+00
4.251577824393919514e+00
1.672095189061664655e+00
1.726877195413897059e+00
5.645290858182114846e+00
4.370678854676421032e+00
4.964240795474015755e+00
1.735010928470276381e+00
1.798020208112770524e+00
2.195446249273209638e+00
1.709067617929387550e+00
1.625092513627411694e+00
2.898282714752780542e+00
1.071907966013347702e+00
1.687956406038550794e+00
