1.090782651549498494e+00
1.152197967781231736e+00
1.116059510909707786e+00
1.018332722121619183e+00
1.131988174285162074e+00
1.091806568359823260e+00
1.052230465609352628e+00
1.123607257435861095e+00
1.081102745319877378e+00
1.127971556536952136e+00
1.003978769879369848e+00
1.002956028979313130e+00
1.099866811315670434e+00
1.017853500418122614e+00
1.014978295497788396e+00
1.005979537722930361e+00
1.021286919897062218e+00
1.058513410950045586e+00
1.002675684402264178e+00
1.049233106325962783e+00
1.033439068471265099e+00
1.057579804796502154e+00
1.116100574118839894e+00
1.090292336908821769e+00
1.068387802926026531e+00
1.069679483107674134e+00
1.041566177369220192e+00
1.054300408978281478e+00
1.006596411193158902e+00
1.057765391059786619e+00
1.059400293967297291e+00
1.038458320039090443e+00
1.066298639828837880e+00
1.232597996436266774e+00
1.028800732177160393e+00
1.009516155332893739e+00
1.167128876516619007e+00
