1.081417311261232639e+00
1.188702213790676421e+00
1.057430151987708511e+00
1.034476168085803227e+00
1.064635601159612754e+00
1.078455815029192522e+00
1.078421948409846731e+00
1.163121233772764773e+00
1.093055813078213312e+00
1.150726563082610010e+00
1.004320461809096621e+00
1.003570227302496898e+00
1.104395795586147866e+00
1.018082311220466663e+00
1.014125809950346513e+00
1.000450831119742423e+00
1.029414166417596421e+00
1.077442202208731103e+00
1.000872419387952350e+00
1.059745595370404470e+00
1.061582691303398329e+00
1.077344011969147974e+00
1.103090600500144403e+00
1.057088552111058011e+00
1.069726208252747224e+00
1.089123051910535489e+00
1.068029066551774875e+00
1.074861063017808593e+00
1.003190802188986153e+00
1.024087291771559327e+00
1.046746624140195925e+00
1.064444241743572439e+00
1.106112621234462523e+00
1.230685481422902017e+00
1.039168418150541839e+00
1.029234754340799141e+00
1.168097090817427519e+00
