3.322964509771194397e+00
1.713532287976490487e+00
4.655359238784945397e+00
3.390951354262969897e+00
1.597598063512724265e+00
1.214298413003550570e+00
3.363909275880583305e+00
2.558008341514091732e+00
1.487474354028790469e+00
1.760984805189498514e+00
2.367924358913594318e+00
2.180831745672501487e+00
1.151799332430293976e+00
3.502629985475313568e+00
1.775145269885324728e+00
3.735248691982212321e+00
3.969796553395982475e+00
1.719703336766650104e+00
2.302906863016215500e+00
2.324784319780367259e+00
1.904367420069968730e+00
1.829044616159863468e+00
1.902348072010273228e+00
4.191404306888664166e+00
2.017321747155061740e+00
1.607009380339011750e+00
5.192996481634945205e+00
3.851481656272528031e+00
4.456011408729398049e+00
2.113822229625125004e+00
1.989842945406582020e+00
2.498259696012833597e+00
1.628048452375880251e+00
1.635887649765765728e+00
2.711879021593919692e+00
1.125545711089340317e+00
1.618893329081192878e+00
