1.087515617159408032e+00
1.139004431586705390e+00
1.069361548674130580e+00
1.023583936061276622e+00
1.088599723675982567e+00
1.087629978806798903e+00
1.066975372803737887e+00
1.164270029169541809e+00
1.093076342727590022e+00
1.147237723634182638e+00
1.009138119396310040e+00
1.004914008426089911e+00
1.120941953776857902e+00
1.014797694205859635e+00
1.003368633097694529e+00
1.011892954042406867e+00
1.020464786240944832e+00
1.086783377057654931e+00
1.000142202133292413e+00
1.054216368624714573e+00
1.031078196509788159e+00
1.074508797123423065e+00
1.099138600891972795e+00
1.056268674131074281e+00
1.071104301256463387e+00
1.070212923164674645e+00
1.066648853092685867e+00
1.051047897700525757e+00
1.002165308284441059e+00
1.021729339289255023e+00
1.037857311227945889e+00
1.054469262010505393e+00
1.108271488497174495e+00
1.264070235519325180e+00
1.040288177467535435e+00
1.034658652930278366e+00
1.183935923592637440e+00
