3.492030052768836157e+00
1.800383020636029174e+00
5.230012488480981325e+00
3.325251948450244743e+00
1.534185978099650960e+00
1.360160464200724340e+00
3.362223878682192080e+00
2.778965008158760686e+00
1.475548139664170533e+00
1.816031303776312944e+00
2.106796293718312452e+00
2.035937203792774319e+00
1.234022768399871461e+00
3.994947047691104647e+00
1.481855915509627586e+00
3.490627638409452782e+00
4.587086024077005497e+00
1.567316776481108009e+00
1.859934205157332432e+00
1.798235243122390692e+00
1.645059845256986009e+00
1.519955423201782674e+00
2.022678679395506940e+00
4.045307577717550451e+00
1.647365031388088319e+00
1.777147977549668578e+00
5.971102113214014295e+00
4.456168328967788028e+00
5.026380177597751242e+00
1.716409587680620019e+00
1.850241496188910650e+00
2.274539364081894277e+00
1.675973804713795534e+00
1.656615976339103069e+00
2.968812664088081199e+00
1.055176745379104108e+00
1.673576288449107885e+00
