3.054718890324584546e+00
1.676074515863166914e+00
4.915455718964467202e+00
3.042933318748736404e+00
1.753471754370412805e+00
1.639129062928443181e+00
2.934992275277365170e+00
2.357754396477287351e+00
1.681533277176398888e+00
1.934346812060858456e+00
2.153836807632973471e+00
1.742771504960987095e+00
1.443789292166016036e+00
3.571394504336158349e+00
1.361136479300816493e+00
3.133129472430631779e+00
3.939942489283453586e+00
1.876067561965961250e+00
2.084487730233310465e+00
2.087984661102653128e+00
2.070602497645582130e+00
1.595272595338937949e+00
2.227080272159945640e+00
3.700948954297335280e+00
1.611276245136618934e+00
1.877946607736890261e+00
5.316850507648646307e+00
3.578834535558335084e+00
4.587501552711120922e+00
1.621196705039774422e+00
1.728514945430535521e+00
2.433079240995826176e+00
2.095378554459164988e+00
1.757382651230322113e+00
2.612135636047056231e+00
1.086562649335047315e+00
1.981329998613085230e+00
