1.087766805727348851e+00
1.151161291596733749e+00
1.076817047481859246e+00
1.024772511810597919e+00
1.097783462082872585e+00
1.085262722406853397e+00
1.063138809601440249e+00
1.175358975669148931e+00
1.097642378730225410e+00
1.147067931228697990e+00
1.009558937000100798e+00
1.003481155459350349e+00
1.131255247199685510e+00
1.014012171249986993e+00
1.006078325018986863e+00
1.011350310610948933e+00
1.029549152551988866e+00
1.084877853389837110e+00
9.999901272216142889e-01
1.059307294473633698e+00
1.034766141383750782e+00
1.078265682930377833e+00
1.115706242904935364e+00
1.060284380072658683e+00
1.073471060198216476e+00
1.069451460083453709e+00
1.064537495059687311e+00
1.053571635510097915e+00
1.003226821873752339e+00
1.019354163876850627e+00
1.037254704316117104e+00
1.054604985673893047e+00
1.098810280777704484e+00
1.259658028152902620e+00
1.039074491247861332e+00
1.036427956527466554e+00
1.189839526652765489e+00
