1.072353737813679153e+00
1.107655865933627304e+00
1.045710240777557143e+00
1.013022935994945639e+00
1.103318781703931384e+00
1.050595964573846519e+00
1.061021394423565356e+00
1.133474608910073123e+00
1.078552190189449034e+00
1.182202847074663277e+00
1.022781649640551294e+00
1.022423217074032831e+00
1.097451857482716120e+00
1.040897429513855554e+00
1.042045108363157446e+00
1.009710399692485661e+00
1.057655192247670906e+00
1.057040311857494030e+00
1.028805633507001271e+00
1.021560640568480949e+00
1.057668029341485960e+00
1.029169462282161440e+00
1.135455769931449588e+00
1.021327391573548349e+00
1.048459586380549480e+00
1.037888375500902294e+00
1.075640916858662699e+00
1.020878411343018044e+00
1.005108419255904550e+00
1.017879857271314137e+00
1.041166758624544553e+00
1.103151764107969779e+00
1.078146095284371553e+00
1.298668218061167279e+00
1.052998046593635939e+00
1.012145928480771229e+00
1.178850913518022292e+00
