1.093002074874563245e+00
1.126899870763882650e+00
1.055575880408240685e+00
1.196236821391733374e+00
1.237664744701259645e+00
1.159271731103709069e+00
1.311612845028414354e+00
1.091007981324780163e+00
1.088011381398216182e+00
1.274915717616940780e+00
1.000968518484427472e+00
1.000792114574152514e+00
1.211931577759493006e+00
1.086541091199632492e+00
1.038086359811435821e+00
1.030926172150305131e+00
1.049850930051727360e+00
1.071962122169769716e+00
1.029799734210687712e+00
1.016295491840732312e+00
1.037343274632545498e+00
1.041643450999093945e+00
1.075883684411701013e+00
1.115997437404492754e+00
1.032307965204491973e+00
1.291959611952087972e+00
1.000492701779530202e+00
1.001978879648754317e+00
1.071617561182524048e+00
1.161979561537377581e+00
1.070102235883277020e+00
1.043906111588430941e+00
1.161741896879857849e+00
1.204636945598501541e+00
1.045568331945911034e+00
1.009641163315529777e+00
1.036134156939418016e+00
