1.016041070870208562e+00
1.010348430203895420e+00
9.999900698374577512e-01
1.013042116905453982e+00
1.013358239722486287e+00
1.004381322980820501e+00
1.023511456822665311e+00
1.004516370802334357e+00
1.008856250932447463e+00
1.009940809421242314e+00
1.000014058779659099e+00
1.008050648090178969e+00
1.011818937696703946e+00
1.014436187147962576e+00
1.026861779527172835e+00
1.014679077444785582e+00
1.002640072488330425e+00
1.009053852778923677e+00
1.007194361067148103e+00
1.022811345793530169e+00
1.013183886254012123e+00
1.010151438699750770e+00
1.026630037073138491e+00
1.024077239700629693e+00
1.016713296481779993e+00
1.006401063460087064e+00
1.007887832208200329e+00
1.012797621488102484e+00
1.003594396888636053e+00
1.005059645622837783e+00
1.000136724766298446e+00
1.017490888111255209e+00
1.004891290229311895e+00
1.006751742894011592e+00
1.029665856273863644e+00
1.003776342989603387e+00
1.005734528882582524e+00
1.004894905447599518e+00
1.009075481371873861e+00
1.008654124865013602e+00
