1.087484334076289860e+00
1.179449639729963195e+00
1.082586128983333618e+00
1.028585875891283807e+00
1.092152647376980701e+00
1.094242609230347885e+00
1.076763051598178089e+00
1.168374737985356848e+00
1.091012281646971394e+00
1.128437468359212659e+00
1.009360585841932778e+00
1.002894817247703685e+00
1.143162017486772930e+00
1.017167885063762656e+00
1.009794275464306779e+00
1.010049141281077034e+00
1.027381199968657066e+00
1.086329198649827577e+00
1.000038484493482427e+00
1.060343509796474404e+00
1.047228343846558163e+00
1.072415022170120968e+00
1.123335033067178079e+00
1.053730904756126074e+00
1.067801125872176460e+00
1.066358088703197593e+00
1.058598049607043956e+00
1.067483601685498051e+00
1.001044111480229315e+00
1.014545708454130724e+00
1.043462549887412383e+00
1.074376562752655362e+00
1.106509133234224285e+00
1.240106077271765361e+00
1.047111084646384027e+00
1.036568344873513237e+00
1.176391479832664677e+00
