3.282219687289768206e+00
1.771352914272713797e+00
5.476317556565071243e+00
3.777559224165830454e+00
1.493715048901372855e+00
1.205029787146706166e+00
3.507492958283767059e+00
2.898089246092840021e+00
1.383409554520140361e+00
1.887876907900176482e+00
2.319692209148123574e+00
2.383079115018285066e+00
1.114011108414220130e+00
3.609773559029238577e+00
1.657562222217647818e+00
4.315222695227970640e+00
4.035116161649197508e+00
1.534525070410494685e+00
2.009327998707799434e+00
1.969351000536632812e+00
1.696285975936862034e+00
1.618822512169709738e+00
1.851827714454138185e+00
4.900013717592817564e+00
1.883587313704342847e+00
1.705446513736465164e+00
6.101105158639705373e+00
4.025129025771082780e+00
5.118844181199963650e+00
2.016712007983455734e+00
1.878258271483467468e+00
2.381277812241112457e+00
1.506267528870537609e+00
1.561079020055475386e+00
2.819544959453649469e+00
1.088274289601821154e+00
1.583512675679286108e+00
