3.438600867375896541e+00
1.758481399819886493e+00
5.007167786342129112e+00
3.610019104731063688e+00
1.450989398439385791e+00
1.193821582626682032e+00
3.544618407027164242e+00
2.895436576724876421e+00
1.432477745676486336e+00
1.811275844956085512e+00
2.483006149279128216e+00
2.415211222568360405e+00
1.118996607143105670e+00
3.757775489480291942e+00
1.751587873294667697e+00
4.395825071108311555e+00
4.107303064860443165e+00
1.631686651428888579e+00
2.034734348070034393e+00
2.034099974088408036e+00
1.711135729247303505e+00
1.648637053206752245e+00
1.896004701640143786e+00
4.713487818951840325e+00
2.070843267033581014e+00
1.698429480492962718e+00
5.914580004789890211e+00
4.203459990774190302e+00
4.799126553798931383e+00
2.150866152678960308e+00
1.993987292677718015e+00
2.470147415682357739e+00
1.584471244934883227e+00
1.629913688856016396e+00
2.814462746007698080e+00
1.106447202379811756e+00
1.541406223439094170e+00
