1.033451275655191903e+00
1.030864925654504383e+00
1.007937010336486638e+00
1.041892166972064215e+00
1.036923573431569823e+00
1.002960244480113561e+00
1.051287191226503603e+00
1.018961549441846470e+00
1.014978053566226057e+00
1.006735370623288217e+00
1.032209697164846229e+00
1.017596131228022172e+00
1.031345728292816455e+00
1.045826200937674200e+00
1.003987861214151955e+00
1.008992233339932598e+00
1.001022699104862967e+00
1.031028049210166664e+00
1.025781319914751633e+00
1.024557832412241964e+00
1.008346951276761549e+00
1.009160072415520526e+00
1.006506489552759120e+00
1.044381289780484057e+00
1.043591530580946225e+00
1.024795399157627074e+00
1.017251915352686664e+00
1.013458447479427704e+00
1.014936272082754831e+00
1.002856611186778490e+00
1.016137522406496130e+00
1.023560952644293254e+00
1.020973878072706897e+00
1.007726690939279912e+00
1.006802511323593441e+00
1.032855424019681889e+00
1.040108882623009823e+00
