1.079057055226494644e+00
1.200031872537366651e+00
1.022369902331723424e+00
1.013547094390800929e+00
1.090514373057345665e+00
1.125820368654413484e+00
1.090750501325523869e+00
1.269482824138851607e+00
1.142451191012345157e+00
1.126150690814149646e+00
1.043663710807047673e+00
1.039607158963133049e+00
1.065877040340744042e+00
1.034319144958417924e+00
1.030181703673273663e+00
1.001106179287531317e+00
1.039305433555059333e+00
1.045849188910896288e+00
1.008228712098045543e+00
1.008069649537111090e+00
1.074032391519860408e+00
1.062869123818410477e+00
1.135687916142324339e+00
1.029736539951242369e+00
1.049288452723954990e+00
1.055337222323550650e+00
1.075676740105012241e+00
1.035593176409069338e+00
1.002585293790847043e+00
1.010536597698741268e+00
1.047497053367528297e+00
1.087318303470966141e+00
1.054533585819396047e+00
1.325563278383726784e+00
1.035207197622730169e+00
1.034857343998939250e+00
1.169748510450861145e+00
