3.562121093775000080e+00
1.580391674470341901e+00
5.862241934689496503e+00
3.087560069188867828e+00
1.936209639755589240e+00
1.459851031174102198e+00
3.188414076628405258e+00
2.023184941874834220e+00
1.869626970158759338e+00
2.096743978224189675e+00
2.028700280883646734e+00
1.729304561016308250e+00
1.494596608141022687e+00
3.888993291372873529e+00
1.247872315007719113e+00
3.398518695596312700e+00
4.638072768190450113e+00
2.343078681671872499e+00
2.133819554837333321e+00
2.239688142412876282e+00
1.939845997265456257e+00
1.703776099020892998e+00
2.895562843476079617e+00
4.121807932338909630e+00
1.423697680795863896e+00
1.924486985059690625e+00
6.292058642132901447e+00
3.922771016129108723e+00
5.598916099819470027e+00
1.430776362714277106e+00
1.780034929195935645e+00
2.619346704629631262e+00
2.454039997134848772e+00
1.966999762359183501e+00
2.507605173257667630e+00
1.091743540529576562e+00
2.003811685167379952e+00
