1.108864834708479297e+00
1.140660287353728597e+00
1.090324417371320687e+00
1.012573688772544500e+00
1.117558101688555183e+00
1.085230924561714883e+00
1.066706566750370566e+00
1.152299524320540502e+00
1.118871534945012680e+00
1.125106985874659848e+00
1.007922418969326106e+00
1.008733281768880108e+00
1.112951395690079837e+00
1.026034613171753707e+00
1.025742007634679043e+00
1.000506312857506019e+00
1.025443445805803933e+00
1.100105804042400104e+00
1.000932139973121915e+00
1.040241651175831228e+00
1.024240774238837304e+00
1.075327432976504793e+00
1.100164942260982048e+00
1.053789914247029946e+00
1.061258475269620805e+00
1.083365068673568521e+00
1.023078512718432975e+00
1.047120944811039678e+00
1.007588569866638029e+00
1.049844573327533448e+00
1.040758580988537352e+00
1.043941958323956420e+00
1.060595721429345994e+00
1.217447202723262789e+00
1.035736792166191744e+00
1.006631386293229014e+00
1.173943480248888616e+00
