1.111765706287724420e+00
1.142226702682774819e+00
1.112084734701050293e+00
1.017707652643331073e+00
1.110735740425792706e+00
1.091112839297668557e+00
1.064583108467716865e+00
1.122295372518019807e+00
1.081062621632015386e+00
1.104829288914659147e+00
1.005509166513020247e+00
1.002943901567197038e+00
1.116351009675641937e+00
1.021345107567944277e+00
1.016273790071657412e+00
1.003715274124266976e+00
1.015545896943494952e+00
1.068940714905020295e+00
1.001134702614187910e+00
1.038865026849198792e+00
1.027976365941613013e+00
1.051611044268642825e+00
1.094380422305677447e+00
1.070267339460164280e+00
1.065815675309849109e+00
1.072690239028846193e+00
1.026576422280645273e+00
1.062577610657393645e+00
1.003766602641186223e+00
1.042363768012449343e+00
1.049599329547007187e+00
1.035403017689809246e+00
1.064396067942569690e+00
1.217650597473142859e+00
1.028139947782688912e+00
1.009981556205298725e+00
1.167556945301584381e+00
