3.347158945836380184e+00
1.799054757064148191e+00
5.621658736445622750e+00
3.754928787278188462e+00
1.550548247170907779e+00
1.219478058262828846e+00
3.562792699138119357e+00
2.886542249417100692e+00
1.386807724410690890e+00
1.928260644930545498e+00
2.291846593345220562e+00
2.332985716521917663e+00
1.127888320947331380e+00
3.732898100000264563e+00
1.637061881732825963e+00
4.256610937057742738e+00
4.057819208827951662e+00
1.456955751331747928e+00
1.918788191175543778e+00
1.903064892696596733e+00
1.644817389520635276e+00
1.526243417047577378e+00
1.882718266727102741e+00
5.003579498258660330e+00
1.838153088995077900e+00
1.739125418557401659e+00
6.135817692431957404e+00
4.084473960241965074e+00
5.286333573648353656e+00
1.978154654777492194e+00
1.901740344693910512e+00
2.452629484596224430e+00
1.484227395551160456e+00
1.557645124471612519e+00
2.837922929456322851e+00
1.085931314884664989e+00
1.649812149029477037e+00
