1.235820320129254135e+00
1.138550914509472101e+00
1.142310150175085415e+00
3.151697839879997076e+00
3.530645662754233527e+00
1.062760093758423396e+00
1.207965190722740001e+00
1.291961592791425195e+00
1.266509104879949277e+00
4.242289312672505197e+00
1.587687735129319044e+00
1.855174159747015272e+00
1.041637621669945002e+00
1.774119688436437636e+00
1.872736654092244324e+00
1.122786951433620839e+00
2.185940878769682794e+00
1.621810234657637073e+00
2.970723194917521681e+00
1.874389006460399409e+00
2.848862261126187789e+00
1.022691075396951588e+00
2.628204054755898245e+00
1.488798517011055589e+00
1.729877837444827815e+00
1.034630464666587146e+00
1.131768835312995769e+00
1.916642656788066557e+00
1.021011871216394917e+00
1.805792976672379035e+00
2.028301953959803949e+00
2.713911521806198213e+00
1.480584270542788961e+00
1.106420727080305477e+00
1.275156229258812335e+00
1.502269819374774551e+00
2.083888672791172070e+00
