3.236274811901748372e+00
1.706868080717408809e+00
4.749167756730703793e+00
3.426105073114178889e+00
1.547660773099968967e+00
1.193458394056333693e+00
3.374834838127377612e+00
2.742849218978364867e+00
1.480521642746293720e+00
1.804512586852248690e+00
2.407331062348497586e+00
2.225706669891128087e+00
1.122499201671066649e+00
3.531090625401454464e+00
1.791935103877227986e+00
3.881755587120133910e+00
3.879462080731874263e+00
1.708809921303330093e+00
2.439953726450888372e+00
2.405995193808517563e+00
1.989803050541116169e+00
1.875664633963959105e+00
1.875437504253266496e+00
4.280822574614753684e+00
2.071717456076866526e+00
1.626650464197194612e+00
5.321597739450424136e+00
3.979588864498125655e+00
4.511976304210481459e+00
2.174282465720143165e+00
1.935525646792511267e+00
2.473658550430213321e+00
1.694984266030233888e+00
1.612181041910751622e+00
2.691218460257868816e+00
1.135329079183722278e+00
1.609254385769465889e+00
