1.080997428293920093e+00
1.170124695987333707e+00
1.074193038147671198e+00
1.025740073819540576e+00
1.095363526983609281e+00
1.088188081370477844e+00
1.072843886704356597e+00
1.170558509481968601e+00
1.093403322270003031e+00
1.135926814538602558e+00
1.010848756545950522e+00
1.004024611180218463e+00
1.133055035018624146e+00
1.013905507806033501e+00
1.006817388847549122e+00
1.012896288780925858e+00
1.027632952133776367e+00
1.091045245396310204e+00
1.000238572526968905e+00
1.062243668871091895e+00
1.045084063428043608e+00
1.075223791233755888e+00
1.122587179509383581e+00
1.057742306151232548e+00
1.069762221442455807e+00
1.065692072165574933e+00
1.062533747543783491e+00
1.054599575790381882e+00
1.001456910105879006e+00
1.020877182867347965e+00
1.036239002394492958e+00
1.068846935630205941e+00
1.103316949768598176e+00
1.250325688822148784e+00
1.041727822364574285e+00
1.034490942338730290e+00
1.186049766157805774e+00
