1.086046294976623416e+00
1.135545383545292220e+00
1.115327028213259908e+00
1.024826697575950574e+00
1.136516760045755969e+00
1.083231056371909418e+00
1.056387372747163100e+00
1.123345974824672355e+00
1.088474484941148512e+00
1.118092398150382305e+00
1.005737338929530544e+00
1.002314946889433678e+00
1.094404177211797835e+00
1.019213257883248014e+00
1.011923076760344431e+00
1.004120569058072787e+00
1.026206362091177215e+00
1.057795498552530411e+00
1.002502537702679497e+00
1.057095280564186002e+00
1.031143980349124689e+00
1.060879809321149336e+00
1.138583678740912708e+00
1.081410000170071495e+00
1.083531407754764864e+00
1.072342112925980251e+00
1.048882703658772897e+00
1.047196531424838817e+00
1.002911014815494939e+00
1.042687079042444731e+00
1.051040875224233506e+00
1.035821428494805296e+00
1.063023849786237207e+00
1.252278803019390985e+00
1.030191507096240855e+00
1.007914217628836706e+00
1.179080742785192815e+00
