1.104224253801104449e+00
1.141303158430978737e+00
1.122238722643296827e+00
1.021459097269995731e+00
1.111708831025112865e+00
1.084771701367769126e+00
1.057847393906069078e+00
1.126012541299813430e+00
1.083223076404631113e+00
1.114437196721883128e+00
1.005081214005440815e+00
1.003605801133711006e+00
1.116320842716534756e+00
1.023850393060231179e+00
1.017958154677711002e+00
1.003090836504303418e+00
1.019514381247398127e+00
1.055366035290239868e+00
1.001792954233952093e+00
1.051730175132049805e+00
1.034387178895861847e+00
1.049728512470673891e+00
1.092028669948827746e+00
1.072591077205586219e+00
1.067395686349765116e+00
1.074021485449859759e+00
1.030748216123531957e+00
1.060199463893750416e+00
1.005224230719622192e+00
1.045572891723439701e+00
1.049151995936199677e+00
1.040738274968566079e+00
1.069213642286601429e+00
1.221587759276955287e+00
1.027659257497055112e+00
1.009530680531381952e+00
1.175067316819936369e+00
