3.317996098674021344e+00
1.714037601123531429e+00
4.723299766929060617e+00
3.381927663485322810e+00
1.613803403269671533e+00
1.222487343596221576e+00
3.392923222172759434e+00
2.572357695992206761e+00
1.477692552340704735e+00
1.794658954515670146e+00
2.345821383650005920e+00
2.181854307805936255e+00
1.137102260527122155e+00
3.512238067253589335e+00
1.820329770005695069e+00
3.721147105697640622e+00
3.921244076539246226e+00
1.626223523233605750e+00
2.080058944151470079e+00
2.093198200570574929e+00
1.787819570524833868e+00
1.706298928543641402e+00
1.932629017095572443e+00
4.219165251945643291e+00
2.039379637762547048e+00
1.610139633037164231e+00
5.277808094254815785e+00
3.858778506888791426e+00
4.532774949463730607e+00
2.121685357542077099e+00
1.967490655465639504e+00
2.460782741613700697e+00
1.600321486357049183e+00
1.662723788068451558e+00
2.713397538212303672e+00
1.125667533196474945e+00
1.629687530738766155e+00
