3.534714583072265270e+00
1.730459417765624508e+00
5.149342690897891650e+00
3.609886550566968388e+00
1.505695935801587337e+00
1.203500227005712020e+00
3.574434184245209423e+00
2.836560764560705383e+00
1.442078673857612570e+00
1.880985505996906504e+00
2.460467470964523340e+00
2.415134436641573679e+00
1.106956590184308808e+00
3.850506991082827568e+00
1.690143587122489466e+00
4.440742863367233895e+00
4.099558255854912403e+00
1.604199141002956130e+00
2.058312232157785360e+00
1.998404040796822212e+00
1.731666839544427461e+00
1.662506102027495158e+00
1.853623902231148035e+00
4.728146457506849920e+00
1.987795312114376545e+00
1.751351007210771638e+00
6.081371574252857570e+00
4.247749798995580583e+00
4.963833502275996068e+00
2.057216379506105586e+00
1.983175438171715044e+00
2.368130148055783923e+00
1.570716114396981888e+00
1.599880584274237405e+00
2.819956359496793130e+00
1.107110105127480981e+00
1.612017673692881958e+00
