3.334705440812330224e+00
1.771438221747670072e+00
5.193908097230264254e+00
3.219710613651135311e+00
1.624031088533839817e+00
1.472431162503043289e+00
3.261242939480611724e+00
2.637499429462697886e+00
1.553289286428359617e+00
1.806649862632144332e+00
2.158031990853188642e+00
1.992107937832441555e+00
1.343745172240251584e+00
3.841675622062943773e+00
1.463685954621909202e+00
3.368699509079515764e+00
4.357642260798356482e+00
1.662708576127475135e+00
2.107495819578249829e+00
2.010811307469109188e+00
1.874270323198744537e+00
1.654871587573339742e+00
2.121376658287094319e+00
3.790856135995117171e+00
1.672322243749615911e+00
1.745948265547568878e+00
5.704439914194121997e+00
4.325953590805938553e+00
4.930013830249498241e+00
1.765050264090109344e+00
1.758946899858321977e+00
2.422879665741779931e+00
1.808278691310692965e+00
1.715778210991009356e+00
2.835147485492655939e+00
1.054701300827936672e+00
1.741948251270049486e+00
