3.365361028268085697e+00
1.836668940152010432e+00
5.382747444709297113e+00
3.588990062931732616e+00
1.497753240305834010e+00
1.283520061794650724e+00
3.337949873835942327e+00
2.786986516434746264e+00
1.464718203963501608e+00
1.890825671363645766e+00
2.136362707191909127e+00
2.221762421782774499e+00
1.132298162923956797e+00
3.983921842952000247e+00
1.532517219625719296e+00
3.729528568173686498e+00
4.390704655762974085e+00
1.492968966250545426e+00
1.880644642788538823e+00
1.830979704216086024e+00
1.678583155183938080e+00
1.507287844024976176e+00
1.921767398946274907e+00
4.426020128048733682e+00
1.709152307579333785e+00
1.788827810389466588e+00
5.902468439014484147e+00
4.377961287751662489e+00
5.119917805374765152e+00
1.783361506469807845e+00
1.796154205968973239e+00
2.286748767796649151e+00
1.626875960681180677e+00
1.589546110812981361e+00
2.929761712376796723e+00
1.085947722542641269e+00
1.687973849368406221e+00
