1.110446060469715723e+00
1.139899856021965086e+00
1.091328745541895184e+00
1.011790494797100148e+00
1.120057813145310277e+00
1.090054425399139770e+00
1.057627544759085936e+00
1.149318475421362784e+00
1.110825175960960642e+00
1.116656670016965558e+00
1.010051547616211964e+00
1.007830999873580824e+00
1.104860127217213162e+00
1.020349628793562058e+00
1.021553640662375084e+00
1.002459393556370149e+00
1.018703074764630179e+00
1.093974495296327509e+00
1.000605285341676476e+00
1.036441448100721141e+00
1.022013226976510092e+00
1.067381192259923894e+00
1.089697654106674518e+00
1.057428480242879942e+00
1.065789053665735064e+00
1.084634240564388508e+00
1.019078979878114355e+00
1.043247076633193382e+00
1.009585755902307813e+00
1.050611798883887005e+00
1.041003040708069927e+00
1.044002241319198498e+00
1.056366441302158510e+00
1.223659116041232231e+00
1.034874496225494989e+00
1.005941239029163992e+00
1.168012526564914610e+00
