1.041050251895672574e+00
1.053368927825233614e+00
1.183949006840628870e+00
1.064034923921736819e+00
1.021269395071724650e+00
1.010319002684380685e+00
1.037910680312339240e+00
1.060660461930932108e+00
1.030372215147708603e+00
1.159888027108003206e+00
1.021715631157173787e+00
1.016213533961713322e+00
1.027384096627252053e+00
1.017501315703832399e+00
1.038088382857352610e+00
1.098204524431789730e+00
1.050288312807903024e+00
1.034861122613864426e+00
1.049172726492933583e+00
1.024887141205935936e+00
1.080003019743948522e+00
1.103774281989278405e+00
1.034660129095171577e+00
1.010408162388160447e+00
1.056549115965548680e+00
1.036005312702863002e+00
1.059379527324143755e+00
1.016386569492295777e+00
1.013367558045359162e+00
1.038752676749616910e+00
1.036774065427178648e+00
1.029695984461923786e+00
1.013624878365040338e+00
1.021312966935723709e+00
1.062329936652955720e+00
1.071652627834238647e+00
1.034138893928554293e+00
