1.104919635448492699e+00
1.223622889412510295e+00
1.050801859430044560e+00
1.115943420025048649e+00
1.163022176173313715e+00
1.058920770914137277e+00
1.257550400194554996e+00
1.090001919802241037e+00
1.119404058661719104e+00
1.274085699953449113e+00
1.007953375072033975e+00
1.007446919658899542e+00
1.159549409810790133e+00
1.017622184773558036e+00
1.041443342980313380e+00
1.007345445142117546e+00
1.110531063584728084e+00
1.100074381439014815e+00
1.003702267795938408e+00
1.007276966743107849e+00
1.000865504925383398e+00
1.025323400881986258e+00
1.100328934439322559e+00
1.027214474871214422e+00
1.040368957532367800e+00
1.110553300926540699e+00
1.000358133485939494e+00
1.009089722654159527e+00
1.024737016588362026e+00
1.116383712164660258e+00
1.094428271132624975e+00
1.059540053222876255e+00
1.250424085089319570e+00
1.168480958210889931e+00
1.025908759368667544e+00
1.012704594134239411e+00
1.078794343080447193e+00
