3.410556390651851011e+00
1.656727001986206815e+00
4.136769854593933538e+00
2.973748483910947371e+00
1.661597525353884830e+00
1.247548075239190979e+00
3.316396414499999779e+00
2.554271106805611868e+00
1.544684336015846204e+00
1.855603067415889207e+00
2.307766108850044962e+00
2.045943056178459063e+00
1.189682497714662723e+00
3.533019099800452256e+00
1.818274457819482492e+00
3.529605864414112393e+00
4.034720491690092281e+00
1.797059507820353286e+00
2.017932009154087325e+00
2.092829895173686783e+00
1.778488315579839441e+00
1.735242718232548498e+00
2.023339445474952925e+00
3.764819247924868773e+00
1.966305522631881963e+00
1.679065790788113022e+00
5.205258577994130498e+00
3.860787225503865994e+00
4.083274323183260890e+00
2.098011099708306126e+00
2.045427147716302407e+00
2.460670554127666776e+00
1.749345894578197447e+00
1.698431718901513454e+00
2.818680137633459815e+00
1.136370090634823304e+00
1.623568715874274204e+00
