5.005453996338849798e+00
2.499339292095406062e+00
6.758877903896352457e+00
6.217662912904300399e+00
7.306524998564046136e+00
3.434526841313015222e+00
3.436554227703263464e+00
3.065086147571113973e+00
1.539092201897385870e+01
3.481553335783584835e+00
8.086285807437624484e+00
2.898870823536106034e+00
2.663909421997783689e+00
7.855724503384077018e+00
3.592278131459353041e+00
5.624608907308706662e+00
7.387298247558752529e+00
6.813879652657824693e+00
6.759131667905291962e+00
8.913988866545286882e+00
5.141029393837460937e+00
2.857381537734824395e+00
5.521475449584221096e+00
8.784926716512154954e+00
3.690621784914834169e+00
3.599326919827966709e+00
8.432870807768935606e+00
1.579643158196344466e+01
6.320134948054604962e+00
4.215890086155924976e+00
2.068400607027099714e+00
7.475556488620557438e+00
1.291639297151155397e+01
3.695150791211592622e+00
3.445654244816405587e+00
1.233406858275343687e+00
7.839207473349379285e+00
