1.073510986773702047e+00
1.192754811945136106e+00
1.058255687416913116e+00
1.087743668362360472e+00
1.165863639752034331e+00
1.034833691072421846e+00
1.204350176335643452e+00
1.109973996217894054e+00
1.091437307306908799e+00
1.219077579848358628e+00
1.043270316025218136e+00
1.012919616040701243e+00
1.094769552636690291e+00
1.009247441443139603e+00
1.057735661591479914e+00
1.004518903719174405e+00
1.121571348490302711e+00
1.083380083828293650e+00
1.010233700199935969e+00
1.008450532239447250e+00
1.002955845328598050e+00
1.043995759572333037e+00
1.169903122729314182e+00
1.076788393824783974e+00
1.037255093041292264e+00
1.054592954329505172e+00
1.018130375780092578e+00
1.020434096922394174e+00
1.004545793728412129e+00
1.077994351417685737e+00
1.121187278598431147e+00
1.071072335644622786e+00
1.197532049147187694e+00
1.224059256647635374e+00
1.059924047363133504e+00
1.011861779699040120e+00
1.188412653369529837e+00
