1.074199658350011077e+00
1.150065518428073030e+00
1.106433552955468747e+00
1.026094650150685794e+00
1.118955955693988535e+00
1.085438068717787141e+00
1.068744354164390398e+00
1.153367585628632286e+00
1.101382339488268913e+00
1.167409766864417886e+00
1.003527706162397726e+00
1.003171508376489163e+00
1.097221000660402845e+00
1.016318710283102167e+00
1.011242214347627399e+00
1.009632039850175023e+00
1.023405784042101585e+00
1.070480600677271799e+00
1.002705823015073605e+00
1.069467950872718065e+00
1.027217702267556820e+00
1.074135352607242355e+00
1.107198201130380255e+00
1.069575897144379395e+00
1.086551187942126351e+00
1.075700988021741189e+00
1.056069658725517391e+00
1.054732504398382620e+00
1.004042576023818079e+00
1.039349445891543544e+00
1.048343699186828903e+00
1.043615621239137647e+00
1.088227183928714314e+00
1.287055797347127495e+00
1.028937216138617661e+00
1.019653757245908787e+00
1.180016865694916373e+00
