1.040621471843710566e+00
1.391290252955298401e+00
1.451063507792057283e+00
1.506230424915542709e+00
1.956720760224310407e+00
1.984901098181425905e+00
1.510232567957081384e+00
1.396646083999294907e+00
2.152778867799342688e+00
1.106637916729702242e+00
1.758816989190361557e+00
1.397510756928733722e+00
1.110375615534456850e+00
1.324124164667698667e+00
1.641091215150870308e+00
1.810278360012727461e+00
1.161887944154287533e+00
1.180782266836076566e+00
1.220901053927423430e+00
1.403386635632160928e+00
1.174516555094665016e+00
1.090366215747755385e+00
1.597846862499377574e+00
1.115948915389974649e+00
1.223791591059409267e+00
1.580964691002973987e+00
1.184603791891289726e+00
1.052558008949855184e+00
1.297937742603850086e+00
1.046225126430414321e+00
1.460186342387844949e+00
1.023227366796465532e+00
1.996899078806488204e+00
1.400969237278141488e+00
1.084582518062993328e+00
1.650140648015354650e+00
1.725857805319965577e+00
