3.449840766308707174e+00
1.646130131734419244e+00
4.321106303832092266e+00
3.048645526710521025e+00
1.674935922112162690e+00
1.223187243394280532e+00
3.427999357156817695e+00
2.591362372451711860e+00
1.466574884451130600e+00
1.793985210511980899e+00
2.308786012974770152e+00
2.099501923274708304e+00
1.161336639604069410e+00
3.536901704365266852e+00
1.777225491019713610e+00
3.655887435338823099e+00
4.070056228250334307e+00
1.624450310703459355e+00
2.073167878020611976e+00
2.091378944093876147e+00
1.798971973916697165e+00
1.722702706293855579e+00
1.898382146422043837e+00
3.903545540808155412e+00
1.957872728293758025e+00
1.632155256536813148e+00
5.275475553707096310e+00
3.868343410868092302e+00
4.264648709559878625e+00
2.080710677931111086e+00
2.046439815947234120e+00
2.415532047740450050e+00
1.623225075421259378e+00
1.620384043524580875e+00
2.746657200942298260e+00
1.128060641334045933e+00
1.627367877132725127e+00
