3.466053866996007038e+00
1.857131304493797819e+00
5.756126222146670912e+00
3.881788917028276664e+00
1.517892079007367334e+00
1.225584465931504052e+00
3.614409030506615661e+00
2.927968656358649557e+00
1.380497400150258125e+00
1.949056808916850514e+00
2.268565660623883318e+00
2.382202374480534068e+00
1.115716940295050863e+00
3.906854923213845865e+00
1.650274009867053637e+00
4.324670268435251153e+00
4.275245833269405438e+00
1.440736949867079675e+00
1.854248522729732063e+00
1.848332154183636611e+00
1.603181328769170966e+00
1.484636729897216290e+00
1.895759390533464650e+00
5.176594776289820565e+00
1.843157725187673845e+00
1.753275295482430218e+00
6.284778734776796050e+00
4.351904816226628725e+00
5.429130341744998312e+00
1.953787356335467518e+00
1.936010296801146557e+00
2.427906540833402182e+00
1.474888388367276537e+00
1.573790462148335845e+00
2.910435889008783139e+00
1.088168128743523866e+00
1.641585260871922136e+00
