3.356911910092489570e+00
1.853469775944715181e+00
5.537595817557637190e+00
3.672963075377764675e+00
1.488064755434363340e+00
1.205988649250997913e+00
3.359176230669150165e+00
2.828264301155531513e+00
1.404159248231895196e+00
1.959921192773335985e+00
2.184078309039362065e+00
2.243427392679110177e+00
1.113634351170499803e+00
3.967387140271220414e+00
1.535078792416010085e+00
3.817228478612098908e+00
4.176569873074221562e+00
1.442701411498853004e+00
1.828514076765902052e+00
1.800639257045953290e+00
1.594833795591413805e+00
1.487175982234166360e+00
1.931107307040313081e+00
4.593870886407304788e+00
1.742212269703407257e+00
1.812026522484801783e+00
5.756190369965856313e+00
4.395687595780455759e+00
5.220448947943657991e+00
1.819443880758939480e+00
1.797184348184746039e+00
2.350950453799605544e+00
1.496560316345943997e+00
1.589407160576756572e+00
2.705734243459386512e+00
1.084419247903083638e+00
1.619046501044011821e+00
