1.068734202186064852e+00
1.157286425619977743e+00
1.051583304905906013e+00
1.005239161331324960e+00
1.122178766857460541e+00
1.062760762593870645e+00
1.069711389432886461e+00
1.207243742306624457e+00
1.089059266119849934e+00
1.169985791051729285e+00
1.031405358733856525e+00
1.045826032592573895e+00
1.058111607467869808e+00
1.035126490392641818e+00
1.043487307467614977e+00
1.001280468773204424e+00
1.057505795831300555e+00
1.043052852147529297e+00
1.018472400422494983e+00
1.028664149274167494e+00
1.078786032724097899e+00
1.031917945006106230e+00
1.153275584743431947e+00
1.026793667981943603e+00
1.072264654284501795e+00
1.046981773743287603e+00
1.090207984430141996e+00
1.032571506850783472e+00
1.001307301247813086e+00
1.006656445546534329e+00
1.038632389174849902e+00
1.085658435824079504e+00
1.057140611905742045e+00
1.276543803980497938e+00
1.015051441469036364e+00
1.018398478456765233e+00
1.176507362548830704e+00
