3.381519993804056767e+00
1.648602516036979493e+00
4.348859564085250540e+00
3.044788625003262084e+00
1.646671335477479348e+00
1.235141946339932462e+00
3.406627520511013696e+00
2.572796568939051731e+00
1.486582418634368352e+00
1.771508991457301896e+00
2.316924526290410569e+00
2.081490907101976262e+00
1.177748566502642591e+00
3.504578788744585172e+00
1.783481880747990189e+00
3.635901270604416702e+00
3.934727638857562049e+00
1.668588323977298948e+00
2.081842214732708918e+00
2.087060808799538592e+00
1.769060621485321283e+00
1.719624594749554314e+00
1.926901114765956047e+00
3.919671450652656208e+00
1.977242662789998606e+00
1.624182474662797748e+00
5.215799008398981584e+00
3.841342964522547643e+00
4.276261076538164119e+00
2.090983364616664897e+00
2.014800345243004109e+00
2.389035517302540601e+00
1.611257069767167760e+00
1.653415565547010857e+00
2.677861979223397970e+00
1.117321615573560800e+00
1.630213642952704989e+00
