1.027809162152229172e+00
1.030578994599626430e+00
1.048072348350159499e+00
1.312880066251593814e+00
1.083394855041251104e+00
1.131085106431480636e+00
1.047229268717656758e+00
1.026052002159479004e+00
1.077389211207517627e+00
1.005655109334102182e+00
1.053076546936942526e+00
1.032049087050547431e+00
1.125857476787367251e+00
1.020154671483402442e+00
1.022926224426871089e+00
1.020687117353846540e+00
1.010358014497020784e+00
1.096234409020416578e+00
1.086841083562558374e+00
1.020071563261883751e+00
1.030052697892228863e+00
1.070634655592801687e+00
1.073169375948209492e+00
1.023295046180046519e+00
1.017259242182625645e+00
1.016272010792288238e+00
1.035531318022231195e+00
1.047079511049447742e+00
1.020692428109027272e+00
1.140958762318246222e+00
1.059694819560540902e+00
1.009477961033612647e+00
1.018155310565873828e+00
1.000400608558031257e+00
1.163220040264312027e+00
1.081426033025829181e+00
1.049651685883991936e+00
