3.257252388399861420e+00
1.689619069143285301e+00
4.614119882205478973e+00
3.364383246783914760e+00
1.547939724527452210e+00
1.194305817571368999e+00
3.301569718075777260e+00
2.566855379053952113e+00
1.472887601920015221e+00
1.779343466082823566e+00
2.392418504618959663e+00
2.169970644940172111e+00
1.128421663835982969e+00
3.508952722811020219e+00
1.805116854195846665e+00
3.770301763373462123e+00
3.901031166238364989e+00
1.722164607440386019e+00
2.437166053564681079e+00
2.403246233379001673e+00
1.992723287278877153e+00
1.865708595835718464e+00
1.869440084799296242e+00
4.192960341865479279e+00
2.044391896484568871e+00
1.619296470076929451e+00
5.156453076195949947e+00
3.879425722440260849e+00
4.409165268254183090e+00
2.219845602159763231e+00
1.944267633322950939e+00
2.471107954103456628e+00
1.695895790094062994e+00
1.616521018855116676e+00
2.652163403856911739e+00
1.144127541970529682e+00
1.590553502684930010e+00
