3.399436471104963609e+00
1.650306562078422523e+00
4.331608417620975260e+00
3.051469484093653151e+00
1.669861518324656124e+00
1.216198832436330202e+00
3.407950817940006427e+00
2.575335697624771214e+00
1.478805167763151296e+00
1.791363102985610745e+00
2.305379846971123303e+00
2.090253312861691803e+00
1.156525907763328309e+00
3.504658983461132138e+00
1.763621850504795141e+00
3.632588717783082899e+00
3.961003405941648126e+00
1.621389554027424795e+00
2.068972388503639959e+00
2.065582149759049635e+00
1.787372195839460387e+00
1.729412166519197047e+00
1.913349961360345297e+00
3.912562286995885596e+00
1.947797510304583257e+00
1.631706071012069881e+00
5.208075539768968198e+00
3.832756685605205327e+00
4.264383816775850988e+00
2.073873418237250021e+00
2.024040817653894209e+00
2.406389230437074200e+00
1.603734963718402851e+00
1.631453470621073931e+00
2.699236223606154450e+00
1.123207282083910963e+00
1.630670396762050833e+00
