1.198152991905025111e+00
1.318849744682679903e+00
1.285752069559464861e+00
1.135654124207807980e+00
1.314427742955635248e+00
1.468261219786641369e+00
1.207082432058397492e+00
1.058244110473129940e+00
1.238375937193548992e+00
1.358977493101783951e+00
1.056213221486518750e+00
1.060354858769784858e+00
1.198422191651760560e+00
1.056529445956574609e+00
1.048817990036649883e+00
1.464032892963225363e+00
1.128899353757433666e+00
1.171810724650745872e+00
1.026196806108676807e+00
1.252159026687958532e+00
1.227419491425921549e+00
1.026371729457282722e+00
1.118205918600858606e+00
1.180115147029293432e+00
1.185546287506962670e+00
1.524802187226125705e+00
1.067487875333761993e+00
1.118451108241227399e+00
1.032901347153060367e+00
1.277903250380973077e+00
1.194391400287739380e+00
1.118224118860459138e+00
1.057299079977675582e+00
1.579800497192405784e+00
1.106107965270841431e+00
1.000288694508637555e+00
1.292657372823327044e+00
