3.253978322465159057e+00
1.692589213079356947e+00
4.754225743446909291e+00
3.372509199450619999e+00
1.554479243233502173e+00
1.196546995111326117e+00
3.380954047650757133e+00
2.684742264813622548e+00
1.487068879528000487e+00
1.801350674021770404e+00
2.400837747718508108e+00
2.172131914124513230e+00
1.125917284776406069e+00
3.514448166340561563e+00
1.793525613658717210e+00
3.782780148310055157e+00
3.895626417054347979e+00
1.716204645521118843e+00
2.453449355976038859e+00
2.413662221799270480e+00
1.999996383538480860e+00
1.875230350104379218e+00
1.876556302990647129e+00
4.239660629052940166e+00
2.045296799028820445e+00
1.634233251808453247e+00
5.372483223976967537e+00
3.910374197755140724e+00
4.528194882002020805e+00
2.187976073815149469e+00
1.941771455782867584e+00
2.465827255070133450e+00
1.698236153681577543e+00
1.615483666140111518e+00
2.691171235511405246e+00
1.135231609731973235e+00
1.613923695623313614e+00
