3.284106299882514790e+00
1.606559642455060111e+00
4.881288731787853052e+00
2.951418427140100054e+00
1.934280628610538955e+00
1.570014926042554881e+00
2.993300165378060651e+00
2.247673131865671969e+00
1.960563441164540954e+00
1.903215970150727188e+00
2.538089197314721268e+00
1.807492812460348874e+00
1.434691359836347546e+00
3.820631935466130447e+00
1.449956341731146736e+00
3.410589137701255602e+00
4.144742690981485289e+00
2.271984070076423112e+00
2.631570573228867893e+00
2.533235544318636734e+00
2.541256900310781663e+00
1.885954764860307220e+00
2.250961866138240897e+00
3.705583339670169618e+00
1.782800275530185719e+00
1.929756226369985006e+00
5.087501238867801590e+00
4.031508748078942439e+00
4.679216080225162777e+00
1.760683352121802825e+00
1.690803999651275147e+00
2.811358069490187184e+00
2.677398684694374698e+00
1.792579623495599073e+00
2.463978287561258362e+00
1.104314754748397354e+00
2.084151576637903069e+00
