1.046983025244220711e+00
1.005355996489505133e+00
1.022799953124725825e+00
1.014203625181038904e+00
1.036769102996845326e+00
1.022904177388993086e+00
1.026353468984356754e+00
1.002793555951714044e+00
1.019990343314806758e+00
1.023408843445338556e+00
1.001778281094370060e+00
1.034465790328143786e+00
1.055645889681449567e+00
1.015401102216631379e+00
1.036037416028979585e+00
1.066599038696198987e+00
1.036649423785811264e+00
1.036421376382495874e+00
1.072638127676007080e+00
1.054270538696104875e+00
1.021849218235151513e+00
1.017520026409882039e+00
1.076551899115810729e+00
1.004118797668388963e+00
1.093907931823814295e+00
1.064699172116776227e+00
1.053006112439571984e+00
1.003869742297750278e+00
1.004691001993468946e+00
1.023156285091433304e+00
1.023825670107676222e+00
1.078074353038249056e+00
1.046962341201016056e+00
1.027253163472566344e+00
1.004651470013285808e+00
1.033618269892337072e+00
1.009044308905023390e+00
