1.105630674735555985e+00
1.143277894560216446e+00
1.102610041361522741e+00
1.016181337407453755e+00
1.118738226984115069e+00
1.092158420756245585e+00
1.060452916530177481e+00
1.140066100840899876e+00
1.102505458901209767e+00
1.112365694795175219e+00
1.008855980901624871e+00
1.006918610622878463e+00
1.126193782988980985e+00
1.021031305050555504e+00
1.022556175641473164e+00
1.002346945528487909e+00
1.016422049295062857e+00
1.087013903990704300e+00
1.001526108261847847e+00
1.039616831163929556e+00
1.020087830985601185e+00
1.071345877528307566e+00
1.089253326853822035e+00
1.062169018884506988e+00
1.066726683617324811e+00
1.089624359649374430e+00
1.021326460034397865e+00
1.040467805455468131e+00
1.006825950993400332e+00
1.048189345779543702e+00
1.042328314231083297e+00
1.039845811735921499e+00
1.052582089128084597e+00
1.244116812629586954e+00
1.030207496197011130e+00
1.008571122956298804e+00
1.164540701674382062e+00
