1.090157438708401427e+00
1.137691856407531787e+00
1.117957406907069684e+00
1.020291074749410054e+00
1.128420875535638190e+00
1.091896091664710911e+00
1.056187975318195527e+00
1.118548311867187284e+00
1.089603571775447088e+00
1.115046728514137442e+00
1.003269701536550151e+00
1.002917012043138101e+00
1.108822335974546380e+00
1.019577510608153936e+00
1.017563603370240211e+00
1.003707603285283412e+00
1.018558494105149759e+00
1.060138515793662028e+00
1.002094471062870751e+00
1.050674007554163181e+00
1.037285776277949711e+00
1.051392723103245608e+00
1.095239275052878547e+00
1.085194812735311487e+00
1.069432718277826933e+00
1.073368555134967650e+00
1.035480491872715625e+00
1.057796053753710774e+00
1.005514056194265260e+00
1.050130743632853525e+00
1.054012370224190587e+00
1.036071643343762450e+00
1.071733168586751939e+00
1.217468657904753115e+00
1.029503474789305262e+00
1.008441828167866205e+00
1.165300719859081680e+00
