2.950438575507682515e+00
1.628428300674181317e+00
5.022098842368466265e+00
2.979484639973261295e+00
1.818493668262868956e+00
1.603523171531115787e+00
2.872071521078856549e+00
2.353091839647951211e+00
1.688845354608175642e+00
1.964729058606478951e+00
2.141249632090651112e+00
1.735390045931667569e+00
1.411439489439277217e+00
3.555212754038763912e+00
1.374827941238169204e+00
3.112645823727307359e+00
3.799618985251359327e+00
1.881504633591867703e+00
2.233134451007052768e+00
2.181293893464750333e+00
2.149496498384897425e+00
1.635424461774374283e+00
2.185450998306330384e+00
3.604248517340717939e+00
1.623484401441183334e+00
1.839497603244805823e+00
5.396566643206503144e+00
3.571746602660236025e+00
4.663508913048726612e+00
1.652503138629189072e+00
1.647853135086088994e+00
2.429155313187696397e+00
2.128655895405185738e+00
1.722056701345243246e+00
2.528620658152571643e+00
1.090531786093594357e+00
2.000766435939635546e+00
