1.108258555874238382e+00
1.146845330245976902e+00
1.087972245764582180e+00
1.011250672126493333e+00
1.117295183685344862e+00
1.089704855355888791e+00
1.058408967388483779e+00
1.149156838959455307e+00
1.117857450143787679e+00
1.114673960450868195e+00
1.007693773180162955e+00
1.008032902662098440e+00
1.111173470597036417e+00
1.023667278668060510e+00
1.024756470604218261e+00
1.001466872288591325e+00
1.021439740656581163e+00
1.097305953032027936e+00
1.000340559524246720e+00
1.038174643872638914e+00
1.024218373341844845e+00
1.071843597665865122e+00
1.092991700838418678e+00
1.060690515283898572e+00
1.063215260396653594e+00
1.089897493494999869e+00
1.018439006936558977e+00
1.045396600284222099e+00
1.009377609804469778e+00
1.051372851486617410e+00
1.038330409761331508e+00
1.044691360265947777e+00
1.059572189505723960e+00
1.211750574710317663e+00
1.035512494499018610e+00
1.006438811132332134e+00
1.166319717330116967e+00
