3.735043294034596340e+00
1.810256545609115975e+00
7.783848966688795556e+00
4.568499645431917777e+00
2.666978701414994379e+00
2.052325793048069613e+00
3.863671297746071875e+00
4.222244848303272846e+00
2.064443367094554116e+00
1.694349942619836069e+00
5.993624905538286640e+00
2.689439330180313004e+00
1.862051687655003729e+00
4.549360544277404550e+00
2.328534252455291664e+00
6.783854989728506091e+00
5.169858639459298466e+00
2.086657695514427147e+00
5.253759656632240649e+00
4.432817744932983750e+00
7.121367883083294714e+00
2.523059914266119197e+00
3.802480443463152504e+00
7.344303689455754736e+00
2.735253730902301950e+00
1.771728144360618540e+00
2.123936744677069299e+01
6.534692418294492100e+00
6.907682367788838818e+00
2.968617620623396736e+00
1.929475194293609697e+00
5.636783176698708431e+00
1.951524475420579163e+00
2.722633542101851933e+00
3.180311830447882571e+00
1.035828689523345059e+00
3.811192453053766638e+00
