1.073575300182894710e+00
1.147144690356112884e+00
1.114948029394936091e+00
1.022867145017196666e+00
1.119561547245174538e+00
1.082993412488914453e+00
1.067440028412503406e+00
1.135419308992034804e+00
1.103691125343650992e+00
1.166150774804124213e+00
1.003872567132650273e+00
1.002668124927018845e+00
1.103529378710685460e+00
1.014625817568190147e+00
1.011431886050128348e+00
1.008150312830300210e+00
1.026490037877237249e+00
1.068479164028231843e+00
1.002425580012225481e+00
1.070559278531228342e+00
1.031701978322096647e+00
1.075356698764529773e+00
1.110464214987201492e+00
1.074759015891194158e+00
1.094391637162841047e+00
1.076309464541277405e+00
1.052077712716646962e+00
1.057082638881364556e+00
1.003081425786195080e+00
1.040934235308755618e+00
1.049003714386536057e+00
1.045632119300989649e+00
1.073732876578968209e+00
1.278348232246977023e+00
1.030461607576347749e+00
1.016712973967444977e+00
1.177388885816520236e+00
