5.728385942562291611e+00
2.622624995876894793e+00
7.499888062549884715e+00
5.499438188377529180e+00
7.938115911041359496e+00
3.306868192509316184e+00
3.995704714227387822e+00
3.113323716043181477e+00
1.269650045193054311e+01
3.952439522962306828e+00
7.611365211071449366e+00
2.664858151130468311e+00
2.518820203508732369e+00
7.428658975062545800e+00
3.189396110833194520e+00
5.115096524792545729e+00
8.569143364352314052e+00
7.399174613424111868e+00
7.280368806312284669e+00
8.557001537313929873e+00
5.869785025402038059e+00
3.190413779859896160e+00
5.350141680352362705e+00
6.978227336328829189e+00
3.587911746528516854e+00
4.075911030976800298e+00
9.986550858211241888e+00
1.326199568776822169e+01
7.150904610574044362e+00
4.105047606690857442e+00
2.314261990124208523e+00
8.284473161691019882e+00
9.842008555611798215e+00
3.666876563700038005e+00
4.011532043097823852e+00
1.303556822894596179e+00
6.955001939352705165e+00
