1.208044132124477699e+00
1.140354394123395565e+00
1.080809560098271893e+00
1.205086533171847440e+00
1.145852023741400938e+00
1.231755804377471897e+00
1.264119933175398725e+00
1.046386915857343558e+00
1.081768541127514416e+00
1.189514914889143959e+00
1.009170936074832658e+00
1.138509297943007148e+00
1.274098294221676975e+00
1.070722982411209001e+00
1.072678461596953792e+00
1.121836813005677280e+00
1.048986571568381265e+00
1.119764119827033166e+00
1.007666918748895135e+00
1.175217059783597140e+00
1.051528287497572434e+00
1.022084570329906850e+00
1.096842739259210830e+00
1.075687737111652664e+00
1.098035584492011107e+00
1.200056596652876895e+00
1.085011823719446378e+00
1.017159739412939468e+00
1.003198349295201020e+00
1.111547302612978960e+00
1.031413580083150094e+00
1.061241977292433969e+00
1.144360091586834383e+00
1.293341603784003091e+00
1.114405698148284163e+00
1.002538126662721352e+00
1.201435162003420487e+00
