3.484381670639837836e+00
1.756743627765240845e+00
5.003099991249785106e+00
3.635927896990307495e+00
1.495220575038314070e+00
1.229371034522362960e+00
3.494946628535885669e+00
2.805514359926962076e+00
1.422550420168642971e+00
1.833296464658125124e+00
2.372594390050487778e+00
2.398185476331064603e+00
1.123586649406845162e+00
3.788052258237895487e+00
1.694166533421872956e+00
4.385091659420071508e+00
4.154196880752956567e+00
1.636651373352849381e+00
2.104624387569109079e+00
2.045761245403377782e+00
1.764328370787236366e+00
1.688738320374917556e+00
1.866965359823258064e+00
4.769080044226958748e+00
1.968777198103397907e+00
1.723488224486651177e+00
6.083676182085875794e+00
4.240179184083417319e+00
4.790264055341638461e+00
2.061531280652754816e+00
1.978138184193475979e+00
2.360364217526897512e+00
1.596234645547242037e+00
1.614575757464091765e+00
2.790329607934197043e+00
1.103526968307631195e+00
1.603689841079243950e+00
