1.117975954301885011e+00
1.188414615605479563e+00
1.043905896607391970e+00
1.040353243683231899e+00
1.142952752117323945e+00
1.050939217075110177e+00
1.123411881636514176e+00
1.146574056834372746e+00
1.119052237217128765e+00
1.193017302840763350e+00
1.014125430072816636e+00
1.014081448168954847e+00
1.067400892559680736e+00
1.010523382856290731e+00
1.074081455874272173e+00
1.010532763241054122e+00
1.074980734108293090e+00
1.085538685419116911e+00
1.013463522854853860e+00
1.009620087720072057e+00
1.021608867456015757e+00
1.048583818743571650e+00
1.162066581586401082e+00
1.046310179228538750e+00
1.035823153736160629e+00
1.044394153444908158e+00
1.017709188947190757e+00
1.027930782834620027e+00
1.000734755610146909e+00
1.075869323666065247e+00
1.090979483608037537e+00
1.085669995649006347e+00
1.129348021703750593e+00
1.245124645486595405e+00
1.047719627414443799e+00
1.007387053374286578e+00
1.158599339266626727e+00
