3.320500734514967078e+00
1.640303037977431044e+00
4.095073071501063922e+00
2.949211829002941876e+00
1.650089257225491490e+00
1.243996992081136677e+00
3.288911055142546225e+00
2.456249816525000185e+00
1.565040773504566829e+00
1.786028409337461875e+00
2.275338846859736641e+00
2.017056427926764428e+00
1.183400190866056079e+00
3.351102240998615311e+00
1.792499016480533669e+00
3.283946134455769439e+00
3.798010045893186248e+00
1.804807499823951389e+00
2.104191956946875663e+00
2.164620311077431580e+00
1.858090753879258372e+00
1.786737780963638889e+00
2.001668628959519580e+00
3.650944187975743382e+00
1.923010560147258907e+00
1.658567905805469200e+00
4.920258065387688617e+00
3.818575389821893484e+00
4.025965677240661122e+00
2.104600003347679937e+00
2.020309061127801620e+00
2.466499262841646001e+00
1.824694463032909608e+00
1.685511880996630296e+00
2.737203060255181342e+00
1.135050620411185207e+00
1.606571690133037134e+00
