1.116944496638914597e+00
1.143660597967222747e+00
1.111631935709876062e+00
1.017125515922728152e+00
1.115708876119068771e+00
1.090492192826403750e+00
1.065136247551769388e+00
1.127574500872349672e+00
1.081661159008092898e+00
1.107909078616049259e+00
1.006307254974199816e+00
1.003429309950792714e+00
1.121936708396763516e+00
1.021439999183473502e+00
1.018775100477328222e+00
1.005362078890719157e+00
1.018011534066865842e+00
1.068498678530654056e+00
1.001061517230600773e+00
1.035041865894480884e+00
1.028920372398901106e+00
1.052697579703815389e+00
1.088670135894758140e+00
1.068770059565395947e+00
1.060071555938201904e+00
1.078989507355005317e+00
1.025488151067194043e+00
1.061626768299856582e+00
1.002844644981850886e+00
1.044566864632124448e+00
1.046991436893222716e+00
1.036368978487444581e+00
1.065684211119979352e+00
1.226208534963556973e+00
1.029012803372813645e+00
1.009614601702077064e+00
1.169554641448474097e+00
