1.069685066275593233e+00
1.189300580683356312e+00
1.055583442087855817e+00
1.031866820564607989e+00
1.079686062290380333e+00
1.075095629237282413e+00
1.065890902341214641e+00
1.185814558058555290e+00
1.098338546859480402e+00
1.132020148090744582e+00
1.011339097938144915e+00
1.005565791986743784e+00
1.135558807274676285e+00
1.019469251058097603e+00
1.008149388921755207e+00
1.000260246711604406e+00
1.025147165340218880e+00
1.081353696400976006e+00
1.004966368637254082e+00
1.053310048379182406e+00
1.069491485470304371e+00
1.078730977701963134e+00
1.104068222528856058e+00
1.064522491848322261e+00
1.054315382866716222e+00
1.089656692446145936e+00
1.099510536419023854e+00
1.069606171065720313e+00
1.003863967106379373e+00
1.027146025140385666e+00
1.047483401114523094e+00
1.076697200527086951e+00
1.096518327235452617e+00
1.242172034690868010e+00
1.025163822523928570e+00
1.036121973413300035e+00
1.165625976595878077e+00
