3.411951692242539913e+00
1.857158997056268523e+00
5.483254187901485999e+00
3.801072010351056463e+00
1.506206277526454862e+00
1.215174450764277880e+00
3.505018330744395172e+00
2.904350868411955222e+00
1.368913337562579047e+00
1.932606123700140843e+00
2.224846265468651385e+00
2.367695804318736386e+00
1.104517757669371214e+00
3.810077011838900685e+00
1.630749199892115753e+00
4.299514501581661818e+00
4.228165718294990327e+00
1.433774623238163626e+00
1.831573084645496508e+00
1.820552788107651088e+00
1.588013927085240251e+00
1.471552886890387546e+00
1.863517624037970721e+00
5.008642244421068312e+00
1.823106600949915945e+00
1.734021146710041039e+00
6.157427578969823401e+00
4.290656325700352269e+00
5.183944336334006309e+00
1.922652272816384844e+00
1.906265819552422025e+00
2.388433645763253121e+00
1.464104716538792150e+00
1.552121844896324321e+00
2.819713067352909608e+00
1.086272348488744877e+00
1.623210143497783697e+00
