1.085633613485435633e+00
1.196025120797897134e+00
1.061740079559138739e+00
1.020146303483116190e+00
1.085413233551980605e+00
1.071877454020574660e+00
1.075312485522468942e+00
1.183970493041127447e+00
1.114837472015607345e+00
1.133648072568934184e+00
1.015294698774302562e+00
1.004747159207391771e+00
1.125880507396229468e+00
1.018278852195006356e+00
1.004469454457401767e+00
1.001462408101288837e+00
1.028778307487365984e+00
1.068677390928285176e+00
1.004545241798450173e+00
1.046504520614822908e+00
1.056245574242212992e+00
1.066723260437781207e+00
1.095677709134150080e+00
1.049916247136140290e+00
1.055253069376375308e+00
1.080110100972612397e+00
1.118154195743495949e+00
1.066789548304036606e+00
1.002781671141126596e+00
1.019104366980920107e+00
1.034965125814924392e+00
1.074069877113469129e+00
1.093330239593986120e+00
1.227014492439464810e+00
1.027402232244758018e+00
1.040653893555587794e+00
1.186853550165463345e+00
