1.077308209085751756e+00
1.199502346283624954e+00
1.055026912016823193e+00
1.042906678910868301e+00
1.065522493596280817e+00
1.080264038090533729e+00
1.078192132153037663e+00
1.183687646607028299e+00
1.105738209994670429e+00
1.150943559815408745e+00
1.006746588907358575e+00
1.004419298838093555e+00
1.116004764620751155e+00
1.013827140034632590e+00
1.011464366671267490e+00
1.000736153184901944e+00
1.027541083254901455e+00
1.078278311897084674e+00
1.001206252000254260e+00
1.056708755420490142e+00
1.067374469462099462e+00
1.074286797841576435e+00
1.101737842474904472e+00
1.054940901806051823e+00
1.067908958095669769e+00
1.090927336572857342e+00
1.067938867100737710e+00
1.065362575975658199e+00
1.005366917164669527e+00
1.027306985238226833e+00
1.047865641527697234e+00
1.068596727159700555e+00
1.110086612102256787e+00
1.212185696102067167e+00
1.034123428813831458e+00
1.034749955447104464e+00
1.172205789663215203e+00
