1.109354308411698575e+00
1.149179882302723943e+00
1.047206912902317377e+00
1.229093650503827462e+00
1.180888912986711059e+00
1.134222328217182829e+00
1.269336394804617463e+00
1.075637473663876298e+00
1.048158770548232477e+00
1.265372665844542555e+00
1.002324368275008482e+00
9.997947848944653826e-01
1.321832016742553684e+00
1.166614639116304586e+00
1.039496432257801306e+00
1.063557534552733053e+00
1.054548064889286874e+00
1.075369159824704601e+00
1.003785004370303602e+00
1.021330411705655195e+00
1.028606395529209294e+00
1.064430402017722210e+00
1.075323537827765907e+00
1.073849207609508527e+00
1.100652359911729494e+00
1.220230003049163958e+00
1.018623575399460357e+00
1.003309332736205928e+00
1.103864789406194591e+00
1.111145534364423204e+00
1.095736768523847715e+00
1.048472465055583891e+00
1.156420881632373332e+00
1.269298115236598967e+00
1.102931487795695942e+00
1.012121867859277602e+00
1.042305130126159218e+00
