3.361649292766336838e+00
1.687538056926414010e+00
4.129546273246916144e+00
3.035907990465553929e+00
1.690738621448251378e+00
1.275428560343385254e+00
3.258778375692224394e+00
2.472537111654920405e+00
1.599165181489278664e+00
1.801615010084271828e+00
2.220396048540208334e+00
2.059123603520935042e+00
1.192343729989320034e+00
3.394286018294943919e+00
1.770670952220244843e+00
3.246027683778100137e+00
3.821495106239410244e+00
1.834720856120711341e+00
2.163165909414356491e+00
2.197321307631376897e+00
1.931137552525492129e+00
1.840411845682047742e+00
2.018005112752236485e+00
3.651793521315439328e+00
1.900166265098203411e+00
1.659464282212542718e+00
4.916903206624713363e+00
3.926067288476901673e+00
4.048255884411092076e+00
2.042124013939353055e+00
2.006898535564168640e+00
2.391037289228160390e+00
1.850242250521431986e+00
1.728621537304752431e+00
2.718177129252731916e+00
1.133512826155317788e+00
1.669084364578442115e+00
