1.117847769807639224e+00
1.142285344265512093e+00
1.028792814749652340e+00
1.198273851095699172e+00
1.157341017037324615e+00
1.114001118358901810e+00
1.344689086406454681e+00
1.064970422703493957e+00
1.114447603352004545e+00
1.303341786054938112e+00
1.003099477126365935e+00
1.002458667962139671e+00
1.181866973874256654e+00
1.043348792170942119e+00
1.021846756720971250e+00
1.032222798125435048e+00
1.081977458630934974e+00
1.097555366565249102e+00
1.005993765922957861e+00
1.012881178207696964e+00
1.005551173195028847e+00
1.049390258326138525e+00
1.108632881882685606e+00
1.064495230702214856e+00
1.015809629122007562e+00
1.163419538251932561e+00
9.998149077746197877e-01
1.009476756233120609e+00
1.060537109234304776e+00
1.187360216468082319e+00
1.105348651080629629e+00
1.075173897363171038e+00
1.175210529398409420e+00
1.190900828940290701e+00
1.061642788802312554e+00
1.003448386128412695e+00
1.062955732958722699e+00
