1.101825164680225955e+00
1.214030082992059167e+00
1.050445808944582504e+00
1.078078767954283812e+00
1.161784925617971087e+00
1.043255057820665188e+00
1.172901458760595927e+00
1.118256397932305024e+00
1.102810522171581153e+00
1.206230582209862456e+00
1.025555399400015943e+00
1.008169863898895846e+00
1.089848301341717507e+00
1.005591050826149635e+00
1.062463305530205071e+00
1.004132531075728529e+00
1.110759617692168577e+00
1.083343534380940110e+00
1.004704315871074671e+00
1.009093732199259019e+00
1.006846291911163815e+00
1.035410142857271509e+00
1.172478585242008764e+00
1.083691546453482646e+00
1.041720854439095012e+00
1.054386764258490761e+00
1.011916105680018108e+00
1.026185931300885867e+00
1.004556121298493254e+00
1.062804413142001581e+00
1.101499722535384418e+00
1.062340825315912340e+00
1.180931321926773192e+00
1.244728013343314510e+00
1.073770149339175362e+00
1.017109487687345437e+00
1.203837141235176267e+00
