4.378945187178178600e+00
2.358900011145942166e+00
7.119155449312718709e+00
5.269286622341548210e+00
3.259279227377019250e+00
3.308317417840201724e+00
3.840110423839721232e+00
4.109995671327057565e+00
4.787969674747028392e+00
2.014405214741897598e+00
8.270359791409790162e+00
2.909035210592965548e+00
3.143396648335860633e+00
5.436291678350579026e+00
3.369521659173448924e+00
6.498344517396654751e+00
5.645382146269767532e+00
5.174379689096283208e+00
7.529236237717223723e+00
7.558170200919387405e+00
6.059912954495572102e+00
3.499946202659353744e+00
5.996538937549265924e+00
7.324593317630594846e+00
3.457186608040959008e+00
2.216025181508117559e+00
1.023275181591644056e+01
7.509136332261774349e+00
6.555240377926391027e+00
3.728285605499094046e+00
1.998108721518028652e+00
5.829127998044826953e+00
6.938567274336318036e+00
4.687049586417890268e+00
2.956920952760525356e+00
1.045815316449810739e+00
5.186595237892106525e+00
