1.016739755956682867e+00
1.021328296280086034e+00
1.012080929383419647e+00
1.021524256404894970e+00
1.009180582856165076e+00
1.005999287306529322e+00
1.022660304458046010e+00
1.014344841171314071e+00
1.024276510034296983e+00
1.014898594032644930e+00
1.015281664456500588e+00
1.018063143695236983e+00
1.022932722156168373e+00
1.017287912387227378e+00
1.018038185438480347e+00
1.019539044532600247e+00
1.015077197064371051e+00
1.014633336964614330e+00
1.015944788278750455e+00
1.012160862961393848e+00
1.015949642662874242e+00
1.012867357903768584e+00
1.026800463699671040e+00
1.019794072088714199e+00
1.029218912749078951e+00
1.021359316123527039e+00
1.013515741750558918e+00
1.012200132339131420e+00
1.006112127496331832e+00
1.016504919325723399e+00
1.015738760271492458e+00
1.022744487781740208e+00
1.027589306759916221e+00
1.022158411545938783e+00
1.016484480764918930e+00
1.009857424020207839e+00
1.017751728320713589e+00
