3.607634192353700975e+00
1.602925207193180546e+00
6.005275179242761219e+00
3.033683023977982618e+00
1.954501753845177436e+00
1.533569586991281763e+00
3.317267646465032804e+00
2.113241419290759371e+00
1.916594998897585889e+00
2.326540666110255451e+00
2.202845760661194419e+00
1.715568937464940769e+00
1.543290123280123938e+00
4.046796860470214696e+00
1.311023295568248592e+00
3.417888473713742936e+00
4.656753164742205797e+00
2.454293593665632933e+00
2.229205359482502757e+00
2.357041005076670803e+00
1.998710735649901205e+00
1.768119024965108199e+00
3.039831354359528337e+00
4.109644064453891410e+00
1.543754895937914817e+00
2.062975327876054088e+00
6.068163690324012371e+00
4.047517594057434387e+00
5.794485967273661942e+00
1.597073563871581614e+00
1.808072430593339552e+00
2.755429464140211948e+00
2.560578285653869912e+00
2.118395105038410886e+00
2.583575556883634494e+00
1.091305013865981444e+00
1.976288344480455761e+00
