4.566386818788634727e+00
2.519076760254094882e+00
7.405923744738301728e+00
5.664707828440528559e+00
8.317669852978834655e+00
3.336433269628397813e+00
3.862158416196681987e+00
3.489574118939704928e+00
8.037396039775945411e+00
4.116359358879173591e+00
8.117750005109545697e+00
3.030935143861282377e+00
2.343644987909159205e+00
5.981698576652725308e+00
3.574932493871179062e+00
6.020170145850833876e+00
6.157547249952354029e+00
5.665047149038805685e+00
7.698871440735088889e+00
8.160046381983024233e+00
5.807290158162468963e+00
3.416561279549065855e+00
5.454921019197217724e+00
7.434123806056725847e+00
3.832317131922001074e+00
3.638474483277554850e+00
9.661574708157235847e+00
7.877818303617988072e+00
6.844654000040853781e+00
4.609118073359740997e+00
1.991566289294344871e+00
8.531896000344882935e+00
7.268301327411014867e+00
3.742451644961468649e+00
3.676718027151371970e+00
1.336640602112255216e+00
7.472543219812432191e+00
