1.085210727480691917e+00
1.152537035262468423e+00
1.115897103074241947e+00
1.019166862683141384e+00
1.132473296394826967e+00
1.092907472641154287e+00
1.055904127532379055e+00
1.117979233558423546e+00
1.090477935818967792e+00
1.117457450278930731e+00
1.002906600310847107e+00
1.003039511557026975e+00
1.105854800565196694e+00
1.017584880292077942e+00
1.016776838042441566e+00
1.006056805850775504e+00
1.019349009246712123e+00
1.063068731106392661e+00
1.002454067092441337e+00
1.047504038613583655e+00
1.037506497862300536e+00
1.054202925107190270e+00
1.110523167754979834e+00
1.091108030025330633e+00
1.072352450417513481e+00
1.077955117770247773e+00
1.038531316674605520e+00
1.056644141574331286e+00
1.006514196468656586e+00
1.058552887114895480e+00
1.057018468636413910e+00
1.033540338176668127e+00
1.072466774710997939e+00
1.226875851877875956e+00
1.027876188500000953e+00
1.009365997855930175e+00
1.170175078067082319e+00
