1.102318072502875612e+00
1.305577764455300160e+00
1.202977976825639894e+00
1.142605459514816069e+00
1.324641708101627291e+00
1.372824048247840212e+00
1.230170826357484426e+00
1.068655793607500959e+00
1.206819375248632920e+00
1.314265337818053547e+00
1.018065873280057154e+00
1.156015539274542370e+00
1.276717412345991454e+00
1.055303404136711976e+00
1.035698311516616510e+00
1.353272012411564473e+00
1.130687948156434919e+00
1.083571199572982868e+00
1.026134394434896180e+00
1.218305388633384112e+00
1.215102848621249176e+00
1.033758826732555258e+00
1.111380469445727215e+00
1.143714943179455101e+00
1.186993905535594696e+00
1.504382982423016157e+00
1.072149069315961878e+00
1.093140839769691564e+00
1.025834149994987232e+00
1.129101009718227688e+00
1.117013555653097345e+00
1.120390010639370049e+00
1.054109424194331845e+00
1.425905060694468762e+00
1.138471748470450073e+00
1.004797491509199947e+00
1.177653119479411092e+00
