1.103707895935619021e+00
1.255503057670704692e+00
1.059838894941015797e+00
1.090051838755978109e+00
1.185374580511090015e+00
1.043051431181394095e+00
1.231649841554881331e+00
1.099173869588996544e+00
1.126837647303450041e+00
1.284006177982857544e+00
1.023739839055197720e+00
1.009744161884033264e+00
1.121844419410449323e+00
1.009144863915550250e+00
1.040005278754835505e+00
1.008630797866065132e+00
1.081122186773659566e+00
1.069145628333382891e+00
1.002934164189582367e+00
1.012938394458166469e+00
1.001630127531401904e+00
1.025943846094237832e+00
1.122456709231999916e+00
1.061278036855245244e+00
1.019315344980465055e+00
1.055812123534654701e+00
1.024125433994717449e+00
1.003972450604335487e+00
1.015495121414375479e+00
1.079976287162051518e+00
1.124335176531943148e+00
1.092639353000662839e+00
1.192044293278465616e+00
1.202202256489270038e+00
1.060849357305579277e+00
1.013932618799368024e+00
1.193664518667243879e+00
