3.323185362314929225e+00
1.690485568525053051e+00
4.063229309472994544e+00
3.015901118620212706e+00
1.705863013180168863e+00
1.286904545963281521e+00
3.232734975456581061e+00
2.458816375608127380e+00
1.597432594428490393e+00
1.783179987276687584e+00
2.140942649119223606e+00
2.069668986085028362e+00
1.200012679807340943e+00
3.411693863888602074e+00
1.763131879891292053e+00
3.243480986597443216e+00
3.742433760188619285e+00
1.809441392336088805e+00
2.106451873663260255e+00
2.119482832206839973e+00
1.870588131012101307e+00
1.773308056322126847e+00
2.055117945568277538e+00
3.593081963019249869e+00
1.852823807463951145e+00
1.639809370355377771e+00
4.740226721065054605e+00
3.883201596461195226e+00
3.998601470399612889e+00
2.002723496598521447e+00
2.009943462061654085e+00
2.370594889503287117e+00
1.888838686831388669e+00
1.761727539144046784e+00
2.708808812155385937e+00
1.126936090784790734e+00
1.681100491015295129e+00
