3.474140492832767713e+00
1.614712316122201452e+00
5.343337006076544604e+00
2.958795131710736825e+00
1.727786259185177586e+00
1.509170753868489090e+00
3.148926364599896388e+00
2.205194337782751646e+00
1.992447212706143223e+00
1.959351891605974449e+00
2.555439619927449169e+00
1.712556252105569721e+00
1.535431979135107428e+00
4.025685565975181568e+00
1.514454217471404629e+00
3.359017435059911794e+00
4.462247751519504035e+00
2.502606442521062569e+00
2.283809398971619942e+00
2.366166761658827777e+00
2.081414212683554865e+00
1.774642805297834469e+00
2.503139986004277784e+00
3.868644183267374359e+00
1.801264015622937587e+00
2.018244439482792085e+00
5.717363631868712659e+00
4.079457476579632313e+00
5.166755665312768642e+00
1.778502009505820158e+00
1.790986780703904158e+00
2.721237548623117508e+00
2.650902691631475072e+00
1.998499405178389088e+00
2.646237950385347482e+00
1.068413349995911421e+00
1.851067627152615191e+00
