3.408603548348322132e+00
1.894967331277484623e+00
5.806086760843550465e+00
3.940741632742307043e+00
1.491583201060487252e+00
1.221405075939211660e+00
3.493116085832074447e+00
2.838852926165697621e+00
1.388643977098705795e+00
1.926332889401779491e+00
2.168139027222667714e+00
2.365854279007881811e+00
1.113099319562149470e+00
3.945604125910818105e+00
1.556868223789627415e+00
4.142061010009713051e+00
4.241908190659184896e+00
1.448556708354419964e+00
1.842424853176637400e+00
1.817466949442348323e+00
1.609673273205150190e+00
1.494811915870575936e+00
1.875369882454740234e+00
5.018567074296539587e+00
1.759088145726783736e+00
1.751364584986314421e+00
6.235860109744333357e+00
4.371080571599397224e+00
5.434292352648809832e+00
1.854757655332544219e+00
1.872335833748826950e+00
2.384357972348802868e+00
1.481570346310475017e+00
1.556151189436081106e+00
2.833518516831259770e+00
1.077929389304050689e+00
1.626461506815771951e+00
