3.565541776937397156e+00
1.613141890991672600e+00
5.481937724187152305e+00
2.963290993739292833e+00
1.925252064772423832e+00
1.505515465512536011e+00
3.203041115073288925e+00
2.120814285221029216e+00
1.931281817328735384e+00
2.131881591782698759e+00
2.293096871342325205e+00
1.693758883324152364e+00
1.480543398514577280e+00
4.047309471659199076e+00
1.304216344040931119e+00
3.356210001360389938e+00
4.529905376349191215e+00
2.511130885630822540e+00
2.254221552300576192e+00
2.360698716960332177e+00
2.026285354621766732e+00
1.752191936816724915e+00
2.738516092622310438e+00
3.960574102420231668e+00
1.559070516529625028e+00
2.031905006038419170e+00
5.810084726123231569e+00
4.029283517721725438e+00
5.322939371838558031e+00
1.621341253245788927e+00
1.817106455890346028e+00
2.749620060796067467e+00
2.585905042574830226e+00
2.029125817104969531e+00
2.618896487532075934e+00
1.067772468060808722e+00
1.957256614591135868e+00
