3.401780955618844970e+00
1.662058277920027471e+00
4.204534918959885736e+00
3.000835917355729965e+00
1.646753865695847585e+00
1.247145426540011703e+00
3.371095686420058080e+00
2.586849977409138912e+00
1.530359356033397455e+00
1.843640365039774798e+00
2.297102661753602337e+00
2.059953298923518972e+00
1.178943264379042954e+00
3.536685310550784056e+00
1.800852285908686623e+00
3.559595402531896546e+00
3.999938179804029215e+00
1.774552995393680055e+00
2.005295018596141343e+00
2.078856293337346450e+00
1.768153326152303251e+00
1.734671606709053293e+00
2.011631612662086344e+00
3.803702096124867538e+00
1.967547277918385351e+00
1.648412280430298305e+00
5.249990926089380672e+00
3.838717060391330094e+00
4.137280366185567715e+00
2.093606134674560693e+00
2.059492066058574267e+00
2.439716783201260508e+00
1.731708587203191207e+00
1.689413373853251299e+00
2.824964600856974428e+00
1.133421266182275344e+00
1.617702507657089672e+00
