1.094921593753824141e+00
1.186321127767188344e+00
1.058419326667106919e+00
1.022693414569138204e+00
1.095548597994924211e+00
1.072823063851302328e+00
1.107537261806600393e+00
1.226341811008184290e+00
1.123855238534387180e+00
1.162313955890508677e+00
1.019862782836278736e+00
1.009670948061668572e+00
1.130493285358254552e+00
1.034494089458278143e+00
1.025710568652393295e+00
1.003717365800972594e+00
1.036101522811145426e+00
1.058448910306051705e+00
1.004558725994009416e+00
1.052597671722668604e+00
1.071000866353672087e+00
1.053289683279124311e+00
1.101213252636701112e+00
1.040729227482618979e+00
1.037921037353403575e+00
1.071818176930074307e+00
1.116606403492813371e+00
1.081516734528370938e+00
1.001673424845477722e+00
1.021013802717709362e+00
1.022423404394896540e+00
1.098778254760759854e+00
1.072911724182009197e+00
1.266150182000059132e+00
1.032271943717025797e+00
1.040429799994629478e+00
1.141249929901472004e+00
