3.583322250254856289e+00
1.577788254579018945e+00
6.550910915375109944e+00
3.229202255257643372e+00
1.860573124737451289e+00
1.448155859545600777e+00
3.187912155360177024e+00
2.035117635095530897e+00
1.712992268634032200e+00
2.017561290499761295e+00
1.978327010140814135e+00
1.753072298131219231e+00
1.487372561636397084e+00
3.843687597411889811e+00
1.251561725081959286e+00
3.553297974148521554e+00
4.820683603566374487e+00
2.055299983595044733e+00
2.053440175277181368e+00
2.176137265829818368e+00
1.903221598311191531e+00
1.627231971727352455e+00
2.791045859298285858e+00
4.526341972555950832e+00
1.396246091284512492e+00
1.882345073405191860e+00
6.739399007405578068e+00
3.934856520117375744e+00
6.127619865013823386e+00
1.419292542215853548e+00
1.770926091114705780e+00
2.613982832185793637e+00
2.008941735138441764e+00
1.881471627726241769e+00
2.521410587135003212e+00
1.087500102453110795e+00
1.916218517514884923e+00
