3.221657746010890389e+00
1.692536811535522823e+00
4.651085217292449059e+00
3.354082553754748730e+00
1.533192866474551108e+00
1.182917197869049364e+00
3.343866923225142340e+00
2.738502730449627443e+00
1.472108570919125947e+00
1.792888652003735928e+00
2.386009392070886470e+00
2.209426873855828699e+00
1.121147950022490791e+00
3.521230922974321054e+00
1.780759720544254909e+00
3.854816253986286245e+00
3.864421683770683291e+00
1.699331964213542268e+00
2.416904213448778371e+00
2.388377503355146203e+00
1.976475160506874440e+00
1.861076452536965853e+00
1.838648975114014483e+00
4.210239424957647358e+00
2.060505993315128404e+00
1.632675278569704069e+00
5.285146244468100996e+00
3.972058130354608085e+00
4.434689065962610144e+00
2.156606196834320865e+00
1.925441050981058888e+00
2.440696243911776087e+00
1.689619622461762560e+00
1.585046018126724965e+00
2.673879443355338559e+00
1.133449268938591770e+00
1.591774416428878958e+00
