1.084397105557590946e+00
1.190479050488191692e+00
1.041272144893645946e+00
1.020594516500573201e+00
1.102615560848336118e+00
1.091259893264935554e+00
1.091806570591477232e+00
1.282329490125454496e+00
1.189687554137279335e+00
1.133616382156604097e+00
1.027163796662831974e+00
1.038393732987718643e+00
1.120269315582987257e+00
1.036814960992195944e+00
1.026529926562549377e+00
1.002270459447850870e+00
1.055455865783009539e+00
1.060702472068056235e+00
1.014604573910182106e+00
1.050168474220674053e+00
1.066869821827282516e+00
1.050929012456831790e+00
1.121867284712402935e+00
1.031704239526803013e+00
1.039566056351788337e+00
1.081121857104717643e+00
1.103809817927949410e+00
1.048521304174254931e+00
1.001962880769249553e+00
1.025924482157692941e+00
1.024351904186020068e+00
1.103520071134346692e+00
1.063205072977426502e+00
1.289927760313473115e+00
1.030894694870417627e+00
1.037089860488729753e+00
1.150408831129073661e+00
