1.075499951662049591e+00
1.184914209684577724e+00
1.065542595958072880e+00
1.026971299122444004e+00
1.080454201735254083e+00
1.067388434355726945e+00
1.069278536260985568e+00
1.190470150195872545e+00
1.111527012497610878e+00
1.140076233625251678e+00
1.015237330910712110e+00
1.009050629711125024e+00
1.128413978720131494e+00
1.018881510829764192e+00
1.006952011619618670e+00
1.000597374023838304e+00
1.033405805788688125e+00
1.060121424953108349e+00
1.005421768788842929e+00
1.048617725527059230e+00
1.054742260592485881e+00
1.062808397576411545e+00
1.090120217178968343e+00
1.046376743080010607e+00
1.058870811861584604e+00
1.074478195894492449e+00
1.112603725321700265e+00
1.059273568284222478e+00
1.002338216669272253e+00
1.017847722953171052e+00
1.039759440988899275e+00
1.077937589274942765e+00
1.096001521442478310e+00
1.228817385611914004e+00
1.024840769164343302e+00
1.038882709060482412e+00
1.177587253899188280e+00
