1.078858946325465862e+00
1.140097681838042831e+00
1.092307264066071593e+00
1.028585599457343847e+00
1.099175139239675802e+00
1.088755867164691749e+00
1.061323364422205984e+00
1.175159590649412333e+00
1.106600132597927777e+00
1.149153338300324734e+00
1.005218002982781966e+00
1.004688047831247655e+00
1.091746958298199344e+00
1.014717788323442837e+00
1.005241271268428660e+00
1.016092055486123913e+00
1.017914515865070646e+00
1.082998973513489727e+00
1.000903238253261218e+00
1.072258341110700952e+00
1.027724352126240026e+00
1.075198178969822171e+00
1.105521475240309304e+00
1.054992945124691994e+00
1.071374797260114198e+00
1.072721044081932584e+00
1.055945969756579839e+00
1.056085253690687953e+00
1.004094878202893781e+00
1.031445770204048706e+00
1.039658713762893427e+00
1.049041021224552894e+00
1.089796500313411132e+00
1.290093213800916905e+00
1.036366636617159109e+00
1.027280320645644451e+00
1.173387432637603700e+00
