3.301717530717192872e+00
1.833858549480092748e+00
5.545656072460896091e+00
3.830687750821144100e+00
1.602758019410411849e+00
1.221906949781637941e+00
3.474797928250727086e+00
2.883828767544226679e+00
1.396189715440145918e+00
1.946966535069786230e+00
2.334421625311216886e+00
2.371355157386501045e+00
1.128829908981834107e+00
3.707676655885911554e+00
1.648404716502241074e+00
4.339750191679383917e+00
4.007994207232957073e+00
1.484163958452745735e+00
2.050943605464132347e+00
2.016636490729486031e+00
1.718965282694876917e+00
1.609599749892749232e+00
1.883403422423401308e+00
5.087243242231244800e+00
1.858304016251678625e+00
1.751094219617720160e+00
6.092441138757175523e+00
4.068437196708988957e+00
5.173896452751279185e+00
2.012338646578156975e+00
1.864180758942107330e+00
2.485200968438462166e+00
1.493558750365599153e+00
1.561929671267949793e+00
2.776439140656555615e+00
1.090231542698077094e+00
1.675758803032868061e+00
