3.396646228218887398e+00
1.818549908574462526e+00
5.343154434159285593e+00
3.556516697252650072e+00
1.532484961738791007e+00
1.295991677981420231e+00
3.336366573169780025e+00
2.784138073220363552e+00
1.496869518103252972e+00
1.868957732288003548e+00
2.083869767207795043e+00
2.207469221263941073e+00
1.176171877735124882e+00
4.009032784475528466e+00
1.509547815988504738e+00
3.713501550896531000e+00
4.452043274759120983e+00
1.581683988144886754e+00
1.914285264099636841e+00
1.861241452545044472e+00
1.679666196334647088e+00
1.570058578503617852e+00
1.937483270897012888e+00
4.384904327716420802e+00
1.675081914792224014e+00
1.768249632952807460e+00
5.829195073476694411e+00
4.408643575086575339e+00
5.099091743508858521e+00
1.743144230051745902e+00
1.801476112175234068e+00
2.225653265977440842e+00
1.726065276040003482e+00
1.603222592097311328e+00
2.933108544168459009e+00
1.087822049054454787e+00
1.691071730607210721e+00
