1.069990871638180741e+00
1.201852133942250545e+00
1.175364068746308943e+00
1.047187277618752077e+00
1.235825611180757067e+00
1.863381469174293814e+00
1.443905246686453481e+00
1.513663545874148308e+00
1.063448039839276493e+00
1.409340323489831404e+00
1.320119587357654778e+00
1.127100140472903522e+00
1.238033882430640054e+00
1.437622911857717289e+00
1.171110033236099079e+00
1.023246721326454667e+00
1.172565520243163295e+00
1.135858080752035981e+00
1.135228034180470136e+00
1.190054323935707759e+00
1.248715324305577967e+00
1.078350657731226958e+00
1.605826963500525562e+00
1.482137487583369051e+00
1.465222823250549089e+00
1.332917050125772107e+00
1.019150473012383928e+00
1.220625842687190765e+00
1.063051096640320603e+00
1.542607850754812215e+00
1.303626051522057461e+00
1.379214939497068748e+00
1.010594385215153101e+00
1.765493128665257982e+00
1.226863168822067474e+00
1.020520621915920190e+00
1.234034767886829753e+00
