3.496539397995936937e+00
1.758112677541825875e+00
4.945473243246976125e+00
3.586307745184483586e+00
1.486116757078342454e+00
1.219640222348414405e+00
3.472043677522386407e+00
2.766107595006637609e+00
1.413652370319168350e+00
1.821399418648175672e+00
2.390648922828670919e+00
2.368363564054454695e+00
1.118682628375646360e+00
3.768293697414299981e+00
1.706938006049111278e+00
4.320912773234376836e+00
4.137777875490614043e+00
1.636501438648798379e+00
2.088394762381001524e+00
2.034652608411884778e+00
1.752922241022128347e+00
1.675836773664033164e+00
1.868659202708354838e+00
4.705731765549798773e+00
1.992320762501564646e+00
1.703178551812694952e+00
6.013266599135207002e+00
4.232488899003184812e+00
4.745791471874240663e+00
2.068476463080454408e+00
1.974780195571598229e+00
2.401365399571315340e+00
1.590982618131499216e+00
1.611582659851811261e+00
2.770790326788226565e+00
1.100121716454883103e+00
1.594168170229132153e+00
