1.087951599429047844e+00
1.181023509099870417e+00
1.035314568378058686e+00
1.018742636114005728e+00
1.134654810078844278e+00
1.089435478195165397e+00
1.078463037844119343e+00
1.243051011249198812e+00
1.108047210813611461e+00
1.100942314199174099e+00
1.032794462284789994e+00
1.037112303174215988e+00
1.072556225444852185e+00
1.025149806607366099e+00
1.049347580102192312e+00
1.001679222317767515e+00
1.051655950007520657e+00
1.041499782961236908e+00
1.021365004936351406e+00
1.011341640498425232e+00
1.089056639810304539e+00
1.062549750102380175e+00
1.159047397008851288e+00
1.041711149761078925e+00
1.067270255733858475e+00
1.077616665479654401e+00
1.089314730973612866e+00
1.037806085407010803e+00
1.005011691559348996e+00
1.010417614290830324e+00
1.043460322241858362e+00
1.082317006550527427e+00
1.059969320117268632e+00
1.295798403845832336e+00
1.029919767367182493e+00
1.025408543449751742e+00
1.148076032804468793e+00
