1.082919136209863575e+00
1.193620887962298927e+00
1.023233689762628629e+00
1.018123450964536936e+00
1.097453868782667596e+00
1.102465738965930253e+00
1.081736386492507140e+00
1.251935651392526827e+00
1.121055159038727433e+00
1.110645063566463753e+00
1.041885072444900917e+00
1.039506090642307923e+00
1.063713377469628352e+00
1.028557907246639536e+00
1.044495798887076665e+00
1.002135307756382598e+00
1.043905491032192101e+00
1.049807408454283664e+00
1.014928360327621126e+00
1.009426170975342041e+00
1.070878300724880328e+00
1.058298909698298429e+00
1.140562884271315580e+00
1.034217946417310463e+00
1.049784314186871459e+00
1.065427337156129584e+00
1.098294165226495256e+00
1.038369752084352449e+00
1.007927119056322596e+00
1.005942330389101524e+00
1.049374434133978573e+00
1.078222018156939077e+00
1.057273862653816288e+00
1.310383747184713288e+00
1.035879315696983438e+00
1.031427354606129221e+00
1.150486399725525022e+00
