1.047745764565428228e+00
1.066890403604684234e+00
1.195982919967944369e+00
1.281452742709881409e+00
1.054354282021773948e+00
1.208583227965059237e+00
1.019900028204038023e+00
1.169739302272032822e+00
1.015725625234849439e+00
1.049837814498252531e+00
1.114186124575246239e+00
1.295359171423068556e+00
1.196841587548800323e+00
1.058759410936600087e+00
1.207068337409962666e+00
1.046260702613754479e+00
1.078046278023365279e+00
1.027321422469530399e+00
1.010712402788610520e+00
1.068000973638060236e+00
1.994106193329981291e+00
1.052695999510366631e+00
1.023089771814890137e+00
1.002950525046233388e+00
1.176324153454043620e+00
1.089549276582703063e+00
1.091604430743256637e+00
1.083930691919416711e+00
1.296392706004002804e+00
1.009736422789581090e+00
1.529776683816514105e+00
1.010779978802920587e+00
1.070506022692240267e+00
1.005009123971728036e+00
1.032675664695281048e+00
1.133611469907088276e+00
1.190617715318880165e+00
