3.319191597447646913e+00
1.853411312434316338e+00
5.724022404413067200e+00
3.833553265277439781e+00
1.491959953048467069e+00
1.214730573274711345e+00
3.389047607422877029e+00
2.787801309251833892e+00
1.419545843008337194e+00
1.914902683627577762e+00
2.164916274466506696e+00
2.310349484781254681e+00
1.102122614732492512e+00
3.911023204748036886e+00
1.529818315971291032e+00
3.977810591552650710e+00
4.110929086910577013e+00
1.433777825356623570e+00
1.883471038388475183e+00
1.835278339980826567e+00
1.653973174298385418e+00
1.522731815758704643e+00
1.882442676220643207e+00
4.820205477087387891e+00
1.751400682678662113e+00
1.767521781934449532e+00
6.067995475843953379e+00
4.409101973780454209e+00
5.333594220007386255e+00
1.822008963019173589e+00
1.807123637306476516e+00
2.346722922980516657e+00
1.517169598836264122e+00
1.576124985649710597e+00
2.695184132571472713e+00
1.064049219434285876e+00
1.639850440759001771e+00
