1.091340174347690484e+00
1.183329305657385699e+00
1.075169875454957236e+00
1.020942552346514320e+00
1.077504318391721672e+00
1.089910100692662143e+00
1.085663919717007708e+00
1.182448349091892004e+00
1.094909593787189550e+00
1.145076075601158649e+00
1.005560285458684477e+00
1.004934655914422104e+00
1.111672658960600080e+00
1.009286562610948845e+00
1.011362796717648171e+00
1.002625448246160733e+00
1.022863698397071364e+00
1.085799347948448679e+00
1.000220402776841100e+00
1.055241799270657754e+00
1.051746721378940652e+00
1.073744724348808743e+00
1.117705031522021164e+00
1.043850063239961656e+00
1.073254430355902178e+00
1.078611546370882301e+00
1.068960067464046482e+00
1.071750650844484065e+00
1.001960797175201145e+00
1.013213060916384300e+00
1.053130083986002719e+00
1.057602692422472179e+00
1.108849546231356120e+00
1.245663789745347971e+00
1.033614492419571596e+00
1.026768158288853039e+00
1.157061001194600758e+00
