1.082890862950429245e+00
1.154435421792742389e+00
1.044019288887424457e+00
1.198490922177134488e+00
1.162029665223439201e+00
1.110731620815512910e+00
1.251632578000401397e+00
1.065132673683710340e+00
1.027387084504806536e+00
1.225768312098335366e+00
1.005125422308146721e+00
1.005738168873219429e+00
1.345843955085195054e+00
1.158621967424750210e+00
1.046339041923020297e+00
1.063621576890864118e+00
1.046562054042902590e+00
1.078175279143672283e+00
1.003653488525534820e+00
1.039981261208721142e+00
1.032631227315998546e+00
1.043197727659334495e+00
1.058725697971811153e+00
1.038566160174001940e+00
1.077064163438155475e+00
1.206278486044011888e+00
1.046502872955916930e+00
1.015463973946824305e+00
1.119822207914700440e+00
1.107943323461711316e+00
1.095539700866776434e+00
1.069777399193885703e+00
1.157429087843107052e+00
1.221118037198896333e+00
1.064457523081027812e+00
1.009554636131566152e+00
1.035819314053302520e+00
