3.312354646758933541e+00
1.673901646360697493e+00
4.074181137373467543e+00
3.012259341700485926e+00
1.713159819758663938e+00
1.282135147797560881e+00
3.211721972506869971e+00
2.442631401162704829e+00
1.593982084266277965e+00
1.794263694660361175e+00
2.177259249344351666e+00
2.061226578931271813e+00
1.201742874506575465e+00
3.396633526011641813e+00
1.775407079701908364e+00
3.227202315772372820e+00
3.739763704888762419e+00
1.832824500273293689e+00
2.158304582753586942e+00
2.183458650175285065e+00
1.920751844338972392e+00
1.835926512085076068e+00
2.028864256449979475e+00
3.587673755502317263e+00
1.870348143158859333e+00
1.651365927946750300e+00
4.749201318172772801e+00
3.885468092513226335e+00
4.004731351002877915e+00
2.023092725093039945e+00
1.986128146226751712e+00
2.362556897004648881e+00
1.861702630445742468e+00
1.742057144099270705e+00
2.692719819633638600e+00
1.126920777550659114e+00
1.687710390028930085e+00
