3.330984834563942787e+00
1.670520891552565113e+00
4.107762460418943107e+00
2.990364280498742922e+00
1.667213175787870316e+00
1.246855446057892891e+00
3.286343288441749166e+00
2.442099483355177458e+00
1.609293522097634321e+00
1.789757226774530974e+00
2.236473056350705146e+00
2.019140468831393864e+00
1.190087167804904089e+00
3.379478865797153730e+00
1.750624650842486529e+00
3.210464909146907964e+00
3.767937846599895391e+00
1.860862786951273495e+00
2.144923295462938473e+00
2.195241041564228279e+00
1.908988929291381531e+00
1.841823887234973922e+00
1.987727094560363561e+00
3.609518802271179716e+00
1.884947715341670937e+00
1.686290244740295652e+00
4.892477503489328861e+00
3.803491042621563345e+00
4.030483024527146796e+00
2.049842227750332313e+00
2.036440367449650957e+00
2.424540830204916730e+00
1.867691767983213902e+00
1.694391771595990193e+00
2.749565260500680619e+00
1.135266201306804446e+00
1.634430921082747901e+00
