3.274815821069017918e+00
1.580396740489705021e+00
5.158387624129414206e+00
2.904880091878295989e+00
1.747295304460678711e+00
1.536536090909736973e+00
3.030393649875045892e+00
2.172636203136471433e+00
1.768944459346130982e+00
1.876468942973689158e+00
2.613964352723334716e+00
1.743204026703893961e+00
1.483065133120217816e+00
3.896594513934514392e+00
1.451544002836235636e+00
3.194514086298006372e+00
4.091834527426200907e+00
2.205602405769585772e+00
2.370722277086168006e+00
2.393705059298961046e+00
2.162208937936415332e+00
1.758359033336143185e+00
2.334341270091574216e+00
3.636436551057559363e+00
1.799418719971736413e+00
1.898589016266254648e+00
5.157782346079406111e+00
3.991410601180995332e+00
4.943155671737888390e+00
1.790469892574942490e+00
1.680110738731399378e+00
2.835225689925420234e+00
2.287492049858973253e+00
1.864126001593606530e+00
2.471018064797357638e+00
1.079363795613792254e+00
1.830141248084800276e+00
