3.315923788793145643e+00
1.709013142656593542e+00
4.764401218743612887e+00
3.421512377379436032e+00
1.516247660543060594e+00
1.196284865055685653e+00
3.426257680523165483e+00
2.710588551100872490e+00
1.456527258793619994e+00
1.784516979262079195e+00
2.366823995319006002e+00
2.226106502346965943e+00
1.131248087300198657e+00
3.567447503507265250e+00
1.766230590040906767e+00
3.850465531137930775e+00
3.934673833378291796e+00
1.741016761609595509e+00
2.185570915815762127e+00
2.174507119879441230e+00
1.846751229976021369e+00
1.764030648849026051e+00
1.869761200944212165e+00
4.281672031251542165e+00
2.037579156075915776e+00
1.625494652910114857e+00
5.455259425060678957e+00
3.987860840919496663e+00
4.553657051524750976e+00
2.159607426930618246e+00
1.982240105626769999e+00
2.454827255269409925e+00
1.671396265941036408e+00
1.605561741088601391e+00
2.706635668720409171e+00
1.125252639675989652e+00
1.588610970862673000e+00
