3.230262164666276359e+00
1.728315144548629112e+00
5.071470932733091352e+00
3.145015629720883776e+00
1.835807154020844489e+00
1.460635833840786768e+00
3.258072454642129134e+00
2.602362091660608279e+00
1.607485678712537558e+00
1.894897987488423752e+00
2.119529545015116145e+00
1.936542968074782767e+00
1.333780869276844250e+00
3.771464906059353694e+00
1.478705914998990956e+00
3.327599554153610306e+00
4.143893275607327453e+00
1.667993212356314148e+00
2.309061165912871250e+00
2.083735283168071550e+00
2.202500357543510479e+00
1.805122073673873340e+00
2.058546317382427659e+00
3.699939015277491361e+00
1.677114945543471958e+00
1.768615748441574542e+00
5.775803460718250903e+00
4.163397809657546134e+00
4.826754159105501429e+00
1.776701142472041584e+00
1.792011153365672405e+00
2.397082662653672092e+00
1.856956423740204309e+00
1.664398228752161701e+00
2.820550602557322595e+00
1.085678064483035499e+00
1.897669160584935399e+00
