1.083562081141791866e+00
1.146989518373209727e+00
1.109793824061917400e+00
1.028328191498272925e+00
1.144090758499021865e+00
1.080599747304908487e+00
1.061487129106963412e+00
1.121569190607454747e+00
1.094057624578704591e+00
1.124767627276481274e+00
1.006057835039038340e+00
1.003210805438215836e+00
1.106008840068185561e+00
1.018487911469036389e+00
1.012640721641764108e+00
1.005607892160179428e+00
1.027298726371514759e+00
1.064387072142737978e+00
1.004563805990303260e+00
1.065772215756287000e+00
1.034940027246580518e+00
1.055511954363282712e+00
1.129524533780041473e+00
1.080119702726359154e+00
1.094692947433098196e+00
1.075589893840216416e+00
1.046247075130037452e+00
1.050794069748431925e+00
1.003609873267453878e+00
1.041716033013910803e+00
1.050560590802131156e+00
1.042757326078377123e+00
1.071724889634815270e+00
1.253587127681622837e+00
1.029388653203436865e+00
1.012199309559977278e+00
1.159537969142648617e+00
