1.015109323634061589e+00
1.045222166191130286e+00
1.036077844224063904e+00
1.021499244428899056e+00
1.003167111766795516e+00
1.043949181103738910e+00
1.130938736781941456e+00
1.090012296853824614e+00
1.014982287533790162e+00
1.012161803596862919e+00
1.020423319657245864e+00
1.016557904095139353e+00
1.008361756886425598e+00
1.028922983539256819e+00
1.119494678103230223e+00
1.072780251436908028e+00
1.228013627590351042e+00
1.004483504737051724e+00
1.018196093554291526e+00
1.059025391098720181e+00
1.086274118834058999e+00
1.276082020037778486e+00
1.102656801349686244e+00
1.020813781077791527e+00
1.040023613858662044e+00
1.015463627625374121e+00
1.014753928663288951e+00
1.003159595259063730e+00
1.030729477093774271e+00
1.043652392990475963e+00
1.171632130268038807e+00
1.112824528906251054e+00
1.183881504796710615e+00
1.006827078737126513e+00
1.150096033081746905e+00
1.008053911785732337e+00
1.037062558320436034e+00
