1.028881369923224653e+00
1.035723670694700171e+00
1.043799828513686023e+00
1.314161457558183477e+00
1.078560521942550920e+00
1.148897636651488918e+00
1.050360614326461883e+00
1.019515048740404550e+00
1.078543043946189384e+00
1.004155587758435830e+00
1.057469938590409608e+00
1.041465119863807631e+00
1.116416895705516055e+00
1.030357958020923226e+00
1.024952383636276831e+00
1.024482134793859078e+00
1.014270674583429122e+00
1.117167953985109596e+00
1.087283612356410689e+00
1.024872583312129937e+00
1.022179239356537872e+00
1.071672623561261473e+00
1.070067917426912985e+00
1.026495718866193396e+00
1.016387137429981991e+00
1.019623206173821517e+00
1.038513924691408574e+00
1.061117824443706503e+00
1.021251898996571983e+00
1.130296059547844401e+00
1.052704876712347026e+00
1.011596273173936300e+00
1.016389615623320752e+00
1.000705717775606907e+00
1.169337340820288063e+00
1.081508461692433087e+00
1.052544540058112821e+00
