3.305704229822741258e+00
1.670620630335730050e+00
4.120225427643928739e+00
2.999338769812929240e+00
1.671793057206394151e+00
1.256863486949925113e+00
3.255083509634561612e+00
2.443101768151073383e+00
1.603368067573155642e+00
1.785331997190065856e+00
2.204648905323466135e+00
2.021533390996909763e+00
1.195853702054775258e+00
3.359337281893250537e+00
1.734471195612457883e+00
3.214084943809103923e+00
3.755094228306256277e+00
1.865455169226792664e+00
2.152763670830455833e+00
2.210634866007889165e+00
1.913078043262617767e+00
1.838625241098132079e+00
2.001416805977805247e+00
3.617821570049334134e+00
1.864357565210554624e+00
1.667240764102314365e+00
4.894555491766228172e+00
3.807772201585533978e+00
4.033685274014417566e+00
2.024946896236820226e+00
1.998474260343378939e+00
2.394255188841213133e+00
1.869931255803144010e+00
1.707061619650464879e+00
2.703351899635788147e+00
1.126304262434457026e+00
1.642153347143017861e+00
