3.361977498294085986e+00
1.648987583521960731e+00
4.203667561842847178e+00
3.004849679751668390e+00
1.704654200221214611e+00
1.263055843582167936e+00
3.369540633889505088e+00
2.560378433734836090e+00
1.535068685139360456e+00
1.810318133588145084e+00
2.280275591338827290e+00
2.074359840439811808e+00
1.173589433285491257e+00
3.488175569776436724e+00
1.783000548632552640e+00
3.605711005500969346e+00
3.957867705081866916e+00
1.707068654170784683e+00
2.115104075587366239e+00
2.130685101752360477e+00
1.847068769331568827e+00
1.770734335926981595e+00
1.935907969499165882e+00
3.836218531187492786e+00
1.949189651633322473e+00
1.632762346405595144e+00
5.264885848151470427e+00
3.807101566205056908e+00
4.134747526610285107e+00
2.079523471168565507e+00
2.053196857474349546e+00
2.418826651103351821e+00
1.708059500507980166e+00
1.643465803821823945e+00
2.812711572466206178e+00
1.134645221218885114e+00
1.669264350552527532e+00
