1.067828493595280870e+00
1.137757192924419458e+00
1.098705303283799894e+00
1.030348255749420128e+00
1.101988503958707399e+00
1.085065442741180552e+00
1.060670331805668054e+00
1.173305091919581988e+00
1.098604188343745847e+00
1.150277489647973939e+00
1.004957974787366037e+00
1.004429481192466778e+00
1.093994591783234993e+00
1.014940714638907338e+00
1.007538003742522781e+00
1.014182450228743093e+00
1.019754998750594277e+00
1.085635937269099349e+00
1.000774311933578797e+00
1.063102515447820196e+00
1.028042918893855795e+00
1.069339722290861161e+00
1.103732295523349727e+00
1.060016963775563870e+00
1.063786210839665625e+00
1.068685432193688500e+00
1.055011747244073872e+00
1.058997167568958897e+00
1.002824974698177218e+00
1.033361343938848931e+00
1.045763475549505772e+00
1.045677038997558261e+00
1.084073129123217294e+00
1.277173290052472820e+00
1.029965805181924487e+00
1.026218822432464872e+00
1.175037374192160700e+00
