1.213836251526173582e+00
1.219469907951351573e+00
1.435967188134307682e+00
1.361799547604863214e+00
1.712777548373972225e+00
2.031715745263861450e+00
1.428311103555423012e+00
1.393679949385336236e+00
1.061808415894865520e+00
1.713876702935205554e+00
1.341056821560920431e+00
1.119901532657266996e+00
1.182409179198652183e+00
1.485908006049595942e+00
1.326869495840595325e+00
1.005671130194802920e+00
1.474773471727163665e+00
1.048002920438717789e+00
1.069633432353571223e+00
1.213781833794088882e+00
1.321680830948245289e+00
1.224936746093836071e+00
1.908085568001774757e+00
1.381862306377134031e+00
1.752189970122193241e+00
1.273557446853371911e+00
1.113167821475196995e+00
1.565333857732500444e+00
1.102656125027740242e+00
1.552985774079351344e+00
1.332932213419199208e+00
1.295092816948701708e+00
1.073963593470758315e+00
2.140437491970367923e+00
1.298646780486101937e+00
1.103852126614253137e+00
1.336373679125667957e+00
