1.027341285559810302e+00
1.038084926977199896e+00
1.046737101242800394e+00
1.311082561313308803e+00
1.076399201157511198e+00
1.154829158728894356e+00
1.050063469543278449e+00
1.023026881649748976e+00
1.080470084754473925e+00
1.004853396027220569e+00
1.062184543047203666e+00
1.040000681370800928e+00
1.118613172762699115e+00
1.030983104081336199e+00
1.023451918354485235e+00
1.025062683993502866e+00
1.017383675752090877e+00
1.117458469590844938e+00
1.089024488911203292e+00
1.027001080002090339e+00
1.022813719006256727e+00
1.071732898208915818e+00
1.071401448853825045e+00
1.027101520601008788e+00
1.019275305756092376e+00
1.022121056822386409e+00
1.039652320787662454e+00
1.064816162228747531e+00
1.019615295506057562e+00
1.126674146253342057e+00
1.051435724292731022e+00
1.013386052035716967e+00
1.017955076403019854e+00
1.001880691484503094e+00
1.168264922135249018e+00
1.085946420312144722e+00
1.050784414625283381e+00
