1.040737017354945726e+00
1.182279360316202066e+00
1.030001574657754437e+00
1.045270942950366599e+00
1.019697315293019546e+00
1.058271435885561607e+00
1.046295686050961571e+00
1.122741492365212590e+00
1.046255510449929815e+00
1.039455718835242459e+00
1.002811168388361374e+00
1.134102851520191191e+00
1.008583257450757831e+00
1.056113627839359470e+00
1.048619780857875217e+00
1.041306156678443173e+00
1.045644150766467328e+00
1.104003393510634812e+00
1.027333327622380832e+00
1.095854818045316703e+00
1.019707888823096154e+00
1.027606419990076514e+00
1.114479403052333506e+00
1.113046727238164557e+00
1.141907084229728975e+00
1.154335697341362987e+00
1.168013857916542220e+00
1.082919145643084446e+00
1.007533551970712704e+00
1.013319687001210001e+00
1.016489269863156464e+00
1.066192059306844797e+00
1.028832499543332002e+00
1.045116639744731790e+00
1.149217102513814259e+00
1.018645090356523841e+00
1.090474296999614623e+00
