1.081002538260573465e+00
1.134971753047229415e+00
1.082908513445138832e+00
1.024414901880454920e+00
1.094974624710141731e+00
1.091326578732816799e+00
1.072613876714176850e+00
1.166304600045486417e+00
1.102166428253425812e+00
1.138548690982668310e+00
1.006256928489167590e+00
1.004804783989714956e+00
1.129601125969280417e+00
1.015160386184645436e+00
1.006431399064994681e+00
1.012293586749205332e+00
1.015225924498282861e+00
1.086285009868698248e+00
1.000533305209970969e+00
1.060698961240139404e+00
1.024395171320019671e+00
1.076601539142109987e+00
1.096302474228598056e+00
1.048496915269964580e+00
1.073154573108528353e+00
1.069754523866041973e+00
1.056330950832807813e+00
1.049001530122501746e+00
1.001871421164800324e+00
1.027517425265105144e+00
1.039100828079924765e+00
1.047385173274393066e+00
1.095610205614603316e+00
1.285511383605077995e+00
1.035392462636473443e+00
1.029502925024557758e+00
1.179851185263677493e+00
