3.330599029812271628e+00
1.752665171256374999e+00
5.307823578358907390e+00
3.784054679515086228e+00
1.509846329625842198e+00
1.211403324919885227e+00
3.501470974709338435e+00
2.857803886380219982e+00
1.414787727215328639e+00
1.900839374760347145e+00
2.331465369944113242e+00
2.460778546353599161e+00
1.102528765641469288e+00
3.684407497128766806e+00
1.718251765035665901e+00
4.306911557237507182e+00
3.970989178355885496e+00
1.582310918819744172e+00
2.051093594033415624e+00
1.998885305250728495e+00
1.725450904342984426e+00
1.652071934139845988e+00
1.881700591488600915e+00
4.790829280146111202e+00
1.967456842670580519e+00
1.693935761827112918e+00
6.123912461118566242e+00
4.050904639207787206e+00
5.011497139305774340e+00
2.040931485017116298e+00
1.905195646131806031e+00
2.310262833570530194e+00
1.554111142546779512e+00
1.613531897324146591e+00
2.805959066498935339e+00
1.103063654990614761e+00
1.614688886421613345e+00
