4.012372347917134263e+00
1.913907472660492770e+00
7.351619538919456076e+00
4.930130944658712266e+00
2.564333205605798582e+00
1.673907574186396019e+00
3.722823951527630904e+00
3.112453952032439464e+00
1.924344298954934418e+00
1.499987956347438978e+00
2.275146014355928781e+00
2.740380161107082824e+00
1.483195873217846739e+00
4.707800128229496117e+00
1.291558296251863691e+00
7.230353407551737277e+00
6.039737426769402617e+00
2.280119641809941644e+00
5.081555157898279163e+00
4.533750163369079544e+00
6.001616553485768613e+00
2.585863869017605676e+00
3.078219828103498923e+00
8.000855121791193625e+00
1.521615354500258865e+00
1.668982699954682181e+00
1.151934967542640820e+01
7.996695811852205793e+00
6.606860739887629563e+00
1.563704637479217396e+00
2.009137603326564214e+00
2.851429973914465954e+00
2.215148288481712413e+00
2.078485130490552280e+00
3.233609257014808502e+00
1.010298126508647254e+00
3.201372129112551423e+00
