1.210356998321466371e+00
1.067923919261034582e+00
1.196655674570092254e+00
1.064128219303902778e+00
1.041293591329215396e+00
1.114293723814068438e+00
1.513297707791186886e+00
9.989474006596985589e-01
1.064668773086618891e+00
1.348395558859869059e+00
1.286236054154316077e+00
1.111351734399133928e+00
1.115406929089608479e+00
1.447420806419025263e+00
1.248340072891697794e+00
1.094022441871443929e+00
1.200877199100757409e+00
1.094471560555237755e+00
1.310044350236955202e+00
9.991359722669170829e-01
1.288141215179849475e+00
1.473151101289501108e+00
1.775470109922157702e+00
2.452103139426882628e+00
1.153518449630582587e+00
1.822580551624773060e+00
1.296365620250571116e+00
1.300947643055566871e+00
1.244379591557648546e+00
1.470152887616323456e+00
1.025895120633145474e+00
1.509274553748650272e+00
1.027954977544250914e+00
1.381912828578387487e+00
1.549208186131827869e+00
1.219812343616211603e+00
1.117822559469420440e+00
