7.624330297975595805e+00
3.246337925355140097e+00
1.364146132192685457e+01
1.126123918286482883e+01
9.150416630284892605e+00
4.917900431622457269e+00
6.479387515941429143e+00
5.655749490186961381e+00
2.040622505506099671e+01
5.179514338750887070e+00
1.769551606945514877e+01
4.020882708974228947e+00
2.839196460178687875e+00
8.245676408817796954e+00
5.098580833416496816e+00
1.680609983724015777e+01
1.071137992922274584e+01
8.553606516961963280e+00
1.249174452286073844e+01
2.097061512382658321e+01
7.295937171860750858e+00
5.738739044206134565e+00
6.380588537098015323e+00
1.482847982477937023e+02
5.818522670114579576e+00
3.972303472380739553e+00
1.053666619257670156e+01
1.937144745441674942e+01
1.181728045982603525e+01
5.594207631274623616e+00
3.848643333937326716e+00
1.990227594377618203e+01
3.155062348652475634e+01
3.782892301672188484e+00
5.607302492654064885e+00
1.793452096434484888e+00
1.283205591111778787e+01
