3.280301405098880796e+00
1.658691729674910853e+00
4.892464964377042591e+00
2.952438869824343559e+00
1.725667602784759058e+00
1.605816508286193711e+00
3.016008726172278998e+00
2.336988141789092310e+00
1.759632697834424553e+00
1.957836883894827240e+00
2.402511824735301893e+00
1.711091200875909601e+00
1.456690939891545300e+00
3.936928955874805958e+00
1.351788486376493736e+00
3.205950462671250722e+00
4.124951873453762019e+00
1.892193358364200106e+00
2.050135851432155487e+00
2.057165738379994391e+00
2.035926838758798318e+00
1.590435140998320618e+00
2.238679045571263071e+00
3.699796974327730581e+00
1.632280305244938390e+00
2.011947037147969297e+00
5.218944045582894375e+00
3.795932986698362654e+00
4.656523625849976256e+00
1.658251340236975624e+00
1.782135763278547280e+00
2.735532074965546734e+00
2.136722342642016326e+00
1.754239521396341317e+00
2.603162951215661103e+00
1.089936929587659753e+00
1.954333869013167968e+00
