1.067835819086894400e+00
1.183917397199970134e+00
1.026526138437874769e+00
1.013354507419958361e+00
1.082612919804256224e+00
1.098842898955064040e+00
1.090490213575491030e+00
1.297138838456354026e+00
1.167366719385389606e+00
1.111467352944807363e+00
1.042448016959224066e+00
1.052314513167275756e+00
1.078161431632892020e+00
1.025282896623275652e+00
1.018161560531139598e+00
1.002233046571125552e+00
1.049512002308198966e+00
1.076095709540874967e+00
1.018991287564794179e+00
1.024991309169719811e+00
1.082702757936461424e+00
1.044252974730543126e+00
1.154581120746362100e+00
1.028816080057856297e+00
1.046225212485798473e+00
1.067659620976737056e+00
1.074438089008226571e+00
1.036549418311173199e+00
1.000498448813096353e+00
1.013875410200874905e+00
1.031307944087370254e+00
1.070185780140729070e+00
1.053926129181229188e+00
1.272566356035977675e+00
1.026819138512905960e+00
1.045498094157342850e+00
1.143855528318286296e+00
