3.461702961304572668e+00
1.635348330094688718e+00
4.328170111455660773e+00
3.029949725507250058e+00
1.686073306000918093e+00
1.231898922357518744e+00
3.440106871416931611e+00
2.584653474013208552e+00
1.468477705091094876e+00
1.801268953177448617e+00
2.296869907614782491e+00
2.079349467537194851e+00
1.166456230304461217e+00
3.541289566015508150e+00
1.788749648816974736e+00
3.626362987422298900e+00
4.082385447678714030e+00
1.628344757748430904e+00
2.082702878656050416e+00
2.098452456362920326e+00
1.808521493532613933e+00
1.728736968844017285e+00
1.916860000163676414e+00
3.899361292472374618e+00
1.958151025240753240e+00
1.622255351766542786e+00
5.310752359500610531e+00
3.859681189166103810e+00
4.276773062793147950e+00
2.072210675784448508e+00
2.052716857406980289e+00
2.422345869254141082e+00
1.629366649931047961e+00
1.629151804989932506e+00
2.755731256646234861e+00
1.128563088926221036e+00
1.638985370629490346e+00
