1.111607129029501095e+00
1.141483565414577628e+00
1.076980956960996494e+00
1.009549748112975376e+00
1.104809606392000987e+00
1.095624929268627312e+00
1.077910162886138945e+00
1.166730416611573284e+00
1.138552895616413485e+00
1.110799915082055112e+00
1.009940636075864262e+00
1.011469057419152051e+00
1.119938696554485080e+00
1.029790912989359652e+00
1.041047410192718514e+00
9.999963694456847074e-01
1.023088883155189421e+00
1.079607626504996087e+00
1.000582475437722385e+00
1.024429196240043138e+00
1.018948694100385133e+00
1.066482172794072980e+00
1.096694457681139934e+00
1.061864880814035850e+00
1.038988288709130403e+00
1.076663324726549131e+00
1.021419811890759588e+00
1.038570028150163305e+00
1.009780255275383176e+00
1.040727764465982030e+00
1.043862438632799705e+00
1.045449013444131658e+00
1.052495713473994066e+00
1.210521964957291807e+00
1.056287662134129279e+00
1.007020030457840276e+00
1.197235352675554587e+00
