1.076744171994828303e+00
1.138764113934755073e+00
1.084283629826967577e+00
1.026441000011107052e+00
1.099546805273875050e+00
1.085793842362035022e+00
1.060203788544919146e+00
1.163480766637595920e+00
1.101944138574250998e+00
1.137079976309010698e+00
1.003513019132377115e+00
1.003537416679146421e+00
1.088716113469040181e+00
1.014670720155265160e+00
1.006167050829448018e+00
1.011300880466881935e+00
1.018195562674368837e+00
1.089528058357079665e+00
1.000702217407260397e+00
1.064565738979788678e+00
1.025872840125482632e+00
1.066573518869543546e+00
1.095065858200644948e+00
1.047295657637857813e+00
1.072544016481411733e+00
1.076856091762677048e+00
1.054841094944277469e+00
1.052094587508178414e+00
1.004076789362182698e+00
1.028342331453040437e+00
1.038079672752604710e+00
1.048132241224365879e+00
1.089181197287381941e+00
1.283231728776497826e+00
1.039276526176561077e+00
1.027718261965729463e+00
1.172666693389756709e+00
