3.274274054702808634e+00
1.693569968891172728e+00
4.629105188411522853e+00
3.371274220429858914e+00
1.597522800927832831e+00
1.198772005658119255e+00
3.330931512747822509e+00
2.557600780738876534e+00
1.478097016617430093e+00
1.779899777741031475e+00
2.340363083241242315e+00
2.184266571356145104e+00
1.137441976499281582e+00
3.500117299648672464e+00
1.778736759196343220e+00
3.742723437485788729e+00
3.906111723890432152e+00
1.747214931723673370e+00
2.280662799427568999e+00
2.293176115821172978e+00
1.890750037358140290e+00
1.817304037322563071e+00
1.891884992090896445e+00
4.200852518283247683e+00
2.004804016870176842e+00
1.611548509599562751e+00
5.189854031239910626e+00
3.824651733448626079e+00
4.434066880549003997e+00
2.146617281615767592e+00
1.958213090352720176e+00
2.461344308245627666e+00
1.652801727346897565e+00
1.628061273592703140e+00
2.679817032188004600e+00
1.136105954423982656e+00
1.617860562666615820e+00
