3.390207440569676489e+00
1.711536261949178517e+00
4.941211504863321835e+00
3.491877791066024361e+00
1.491125493041973282e+00
1.199763721173059183e+00
3.511361494578070008e+00
2.747973653780531933e+00
1.454651594471020104e+00
1.805786985881499218e+00
2.376392772573392431e+00
2.295109372447869500e+00
1.118640919888837404e+00
3.728224553296246135e+00
1.751321800031405473e+00
4.132494663068904117e+00
4.027978507627794968e+00
1.704643596518219617e+00
2.099384036411655607e+00
2.114256426964315594e+00
1.766262534279926966e+00
1.693198799408421440e+00
1.884177827407488959e+00
4.524200178592489685e+00
2.020170232197124438e+00
1.667076642153776378e+00
5.705335231711646138e+00
4.156729376378295093e+00
4.740614860940270958e+00
2.138452517497142935e+00
1.993226421546849370e+00
2.381941986821534130e+00
1.637338943325316043e+00
1.635124594794209685e+00
2.751779159203011194e+00
1.119167419048781253e+00
1.574674664590778095e+00
