3.314612925376935415e+00
1.676291169129366043e+00
4.104537899229374176e+00
3.004669700684784672e+00
1.677796899153405130e+00
1.263770987850124872e+00
3.235163190809811073e+00
2.445204529195392773e+00
1.597169831522579520e+00
1.796566216299707364e+00
2.209636798608452857e+00
2.028974235168214957e+00
1.189641280735038054e+00
3.360700603462272618e+00
1.750069732155507651e+00
3.222318805813368936e+00
3.773855704444973647e+00
1.829885265433945474e+00
2.149414112915376318e+00
2.209896975063367908e+00
1.916163506361211688e+00
1.828468161336269215e+00
2.011881740809399410e+00
3.630225822802491287e+00
1.876330070207068879e+00
1.673715550135113972e+00
4.902149379104469240e+00
3.820551903141339523e+00
4.021084146978691543e+00
2.033589088735856532e+00
1.991569829673400127e+00
2.397767214750340159e+00
1.834933160544861774e+00
1.715965955832153833e+00
2.690939610359264655e+00
1.131029966730820568e+00
1.648844601308038005e+00
