1.070521642487039848e+00
1.135562808910984822e+00
1.103905574147227453e+00
1.031142338489067667e+00
1.110370604281328832e+00
1.086982977812209095e+00
1.062545736440778654e+00
1.161688509056193475e+00
1.098085094284798169e+00
1.151541517202587794e+00
1.004532056244778149e+00
1.004736881397167991e+00
1.097274700006058978e+00
1.014166795046745229e+00
1.010359758374570260e+00
1.013181815618430237e+00
1.019799880184549590e+00
1.088368839484926243e+00
1.001229904393567294e+00
1.065924982113015451e+00
1.029895107228438356e+00
1.072031029467637619e+00
1.099420773424053310e+00
1.064258641366861768e+00
1.065365238671010628e+00
1.076993875946332668e+00
1.060688472869705024e+00
1.058676407096282635e+00
1.003628145502159619e+00
1.037205903003833196e+00
1.043226068606419643e+00
1.043791040242599388e+00
1.082735893673206995e+00
1.272667424466324970e+00
1.028217332695364972e+00
1.022802523275317732e+00
1.181343112887601299e+00
