1.074768955829090933e+00
1.187328830584201800e+00
1.043118705281448566e+00
1.020238004644258956e+00
1.103249087472394585e+00
1.086767508776885549e+00
1.084128120179555621e+00
1.287882581800059878e+00
1.183116616688218548e+00
1.136190962315005937e+00
1.024278780393024668e+00
1.031612809501985639e+00
1.119020597410728346e+00
1.038503721150993542e+00
1.022199159694046067e+00
1.001903513720890704e+00
1.046949388526534408e+00
1.063505261481731745e+00
1.012635180957661030e+00
1.049600096040574249e+00
1.070573232743739167e+00
1.055188110456259487e+00
1.115282552126957594e+00
1.031475675159714278e+00
1.037366823351660861e+00
1.074444197943843493e+00
1.109713458393786434e+00
1.048868736791549461e+00
1.003258407186121692e+00
1.027649729328903527e+00
1.021797538524170212e+00
1.111335876270469702e+00
1.063797337894049733e+00
1.286408798491652128e+00
1.029059729418067670e+00
1.032129954734494426e+00
1.143955383815268068e+00
