1.017942687492828790e+00
1.003695820725680754e+00
1.084931429831285765e+00
1.046936848061488456e+00
1.157277472309058419e+00
1.138871986234969214e+00
1.063173173189307263e+00
1.040798878229883817e+00
1.010954395528229632e+00
1.194414896405278093e+00
1.022831433928527378e+00
1.022289914511961273e+00
1.022555431406451998e+00
1.020031546788422450e+00
1.130570602780774925e+00
1.031785870717294884e+00
1.000279194643132419e+00
1.057938257505767865e+00
1.039702277793420393e+00
1.059442625848334707e+00
1.076465428306290217e+00
1.001559003634656664e+00
1.097765651392605291e+00
1.194752060303300834e+00
1.014384945587377018e+00
1.013398475160577572e+00
1.089983532650111497e+00
1.078343294389940477e+00
1.016874854888371038e+00
1.080700587891942677e+00
1.002181902851560391e+00
1.003764666019621776e+00
1.040521345332849457e+00
1.042964271025839107e+00
1.073748888930908363e+00
1.102052669996413270e+00
1.086782215497688053e+00
1.000109109243686012e+00
1.098316308293448174e+00
1.024138043114356300e+00
