1.015980708931052412e+00
1.104651435038738194e+00
1.034015586666083619e+00
1.049837908587540669e+00
1.087704719616116256e+00
1.114532618412573450e+00
1.076444870316378699e+00
1.268887415860596279e+00
1.065402825468936721e+00
1.052286975515035694e+00
1.025478957147859527e+00
1.153120506672777212e+00
1.077058394270267838e+00
1.158081422109264347e+00
1.103540323280674418e+00
1.028579224781596579e+00
1.011559112962092222e+00
1.375587006280141189e+00
1.034136198790826633e+00
1.085177382846074678e+00
1.059561560547381820e+00
1.018896455828602443e+00
1.014326298303558360e+00
1.093001230053213702e+00
1.078300552448512972e+00
1.028514644511905995e+00
1.027248068977567597e+00
1.311491661874818249e+00
1.116268375940963509e+00
1.013366004523316821e+00
1.071821780350392439e+00
1.196342156215387087e+00
1.036010330074132568e+00
1.042388276039241779e+00
1.069125830233199181e+00
1.186174595658263886e+00
1.178435144280086222e+00
1.037803754554623259e+00
1.188024245086712005e+00
1.219076895246531400e+00
