1.237218521105732272e+00
1.513065798902386128e+00
1.417299522624980934e+00
1.270311995853743658e+00
1.250955676332109912e+00
1.623750682826730074e+00
1.616731077117824045e+00
1.437247857056093148e+00
1.157706523276060384e+00
1.252545045776107591e+00
1.518322393457271380e+00
1.042452730937811767e+00
1.005577901274625985e+00
1.102367449071043781e+00
1.067384344485114545e+00
1.130349476975823997e+00
1.025033388672582202e+00
1.817998341496942505e+00
1.091422659864862199e+00
1.174854426217093684e+00
1.069885024331468593e+00
1.121008693751901708e+00
1.558144369366564863e+00
1.341201290340106933e+00
1.397214584025556761e+00
1.320536404230835403e+00
1.025748939256002190e+00
1.663054631473605438e+00
1.183618804680522052e+00
1.133567662824161326e+00
1.191490051385836413e+00
1.167243311880269196e+00
1.153236695732389183e+00
1.386262103713456817e+00
1.183247188026624874e+00
1.192977384218079973e+00
1.048245947892677998e+00
1.253181909404338823e+00
1.342991976138166565e+00
1.479103173555182726e+00
