1.026873114710453283e+00
1.055822904268765017e+00
1.013935364536778572e+00
1.035541206206875176e+00
1.118116518460114950e+00
1.002972752770445508e+00
1.019180350004373459e+00
1.091896733110601314e+00
1.057609568445134096e+00
1.009337821482044539e+00
1.020480296982663848e+00
1.125687448228674725e+00
1.029844982063668146e+00
1.009869547617397112e+00
1.135888584078765362e+00
1.087875046902535781e+00
1.200788051608692619e+00
1.082008752772219529e+00
1.029832909137348373e+00
1.043811888512811814e+00
1.059246513420992075e+00
1.043634304138235436e+00
1.040858506969573494e+00
1.051758318415162430e+00
1.091512270588412381e+00
1.125788828802849695e+00
1.106384674413351199e+00
1.106730729080229070e+00
1.096045101594997018e+00
1.062881328310347984e+00
1.127190612649404233e+00
1.134739225421261821e+00
1.111614134477502347e+00
1.043818574941993926e+00
1.033976910874180088e+00
1.036594051348169954e+00
1.039319741485055015e+00
1.115954064695208414e+00
1.049037476442447270e+00
1.115509292687958398e+00
