1.032961522676335342e+00
2.006571234882347898e+00
1.518163955417664912e+00
1.387448202395163088e+00
1.654919625752135026e+00
1.331454603658489555e+00
1.044967178028811894e+00
1.310206428597903150e+00
1.071960297437354992e+00
1.271894221012431769e+00
1.016029291787653221e+00
1.088803306175630592e+00
1.259131289930306208e+00
1.381654248004848595e+00
1.350541472933254106e+00
1.107236630969671287e+00
1.202809672347004311e+00
2.378965142829871038e+00
1.470975035712202228e+00
1.233665922072501253e+00
1.019113303166159668e+00
1.142131606013104594e+00
1.083634114553763794e+00
1.480246399778086364e+00
1.633876284265074252e+00
1.619743319989036090e+00
1.072843662688574229e+00
1.290409926451549172e+00
1.304549888760988319e+00
1.134527997987426762e+00
1.568344024355844635e+00
1.202038201689819452e+00
1.162080376201862553e+00
1.197626343622974820e+00
1.445508024647396805e+00
1.362367935682940567e+00
1.586752087134518208e+00
1.002694907604662955e+00
1.064093793371588603e+00
1.614686102377804300e+00
