1.029383304477432537e+00
1.087860483472365747e+00
1.008061055298149711e+00
1.093479658916210795e+00
1.075205816269117376e+00
1.157472823107611459e+00
1.044135608087339628e+00
1.180119280399177573e+00
1.062828980736647999e+00
1.020598159664305227e+00
1.084060923351798600e+00
1.125140343001248766e+00
1.036975596808257238e+00
1.057034573250834608e+00
1.069404074282558126e+00
1.013283112146881493e+00
1.053663939668121996e+00
1.044017585984520435e+00
1.068677594656307850e+00
1.011656085823534390e+00
1.017882312860689087e+00
1.097994544824737462e+00
1.209571297339549822e+00
1.094336959508157125e+00
1.053600568525656200e+00
1.099232645630801031e+00
1.050616362941834359e+00
1.100287726560857715e+00
1.051621177069655078e+00
1.014689112742473309e+00
1.210446207613926628e+00
1.148711271152174529e+00
1.139279546797735909e+00
1.048866156607188849e+00
1.254584560039120777e+00
1.142466978202906658e+00
1.027907796994511180e+00
1.051933144705645917e+00
1.202261270478682142e+00
1.112916628180715017e+00
