1.173441509941130168e+00
1.316920073652841250e+00
1.135010960443495476e+00
1.124473600073314428e+00
1.184680612910257391e+00
1.354506505958085194e+00
1.114196055371439842e+00
1.159685246198433273e+00
1.074404800077680244e+00
1.048400975987978434e+00
1.071473683765774787e+00
1.015452302636224324e+00
1.060132003880681628e+00
1.094788539543571915e+00
1.044728541929506704e+00
1.094258486931253938e+00
1.027470072456946992e+00
1.173498938494330179e+00
1.015928985724385392e+00
1.040596381855276809e+00
1.001114756305945708e+00
1.054430949004545148e+00
1.140603069217101417e+00
1.067463158989646166e+00
1.292992135681524157e+00
1.091285415189642283e+00
1.015898630283982973e+00
1.032027742235598566e+00
1.108276640908345767e+00
1.055906149860098342e+00
1.267033996911020699e+00
1.063872808831998640e+00
1.013880675365999462e+00
1.048158178988664924e+00
1.233660791263719636e+00
1.102826281866029712e+00
1.002587250297455768e+00
1.098529389033797266e+00
1.250206437416768068e+00
1.054275219747597969e+00
