1.036554703696543678e+00
1.115872238812803063e+00
1.024212822552989843e+00
1.114611712702980428e+00
1.088512214356219587e+00
1.123918924402929731e+00
1.015609019623570752e+00
1.137061558174040421e+00
1.043054434554771204e+00
1.029748051171698098e+00
1.078985740044265063e+00
1.124582276478505172e+00
1.016301540787294844e+00
1.052975857013259242e+00
1.038646772166291088e+00
1.030506953647871926e+00
1.035413781124956856e+00
1.085058785557827310e+00
1.066296601325757987e+00
1.008880718998964587e+00
1.015421690726426851e+00
1.070721317257417260e+00
1.151646314205186039e+00
1.075458976601111338e+00
1.053247301843274863e+00
1.083976539986791776e+00
1.037263985837781899e+00
1.121549183741124445e+00
1.073883512250258576e+00
1.012778734196978725e+00
1.150976974511639828e+00
1.191445655438934992e+00
1.124087763170744214e+00
1.037741869551149554e+00
1.161296271610619657e+00
1.157199674817823709e+00
1.034291415764420963e+00
1.042273453240734726e+00
1.192589252438094327e+00
1.120463371521284390e+00
