1.030977965829765308e+00
1.602761934219146145e+00
1.287351529366223213e+00
1.492470263165812439e+00
1.402363364632885911e+00
1.407205364009093351e+00
1.117735610797027102e+00
1.351178132657739672e+00
1.046490242561648021e+00
1.253735319169690943e+00
1.064156124084698396e+00
1.085552611904817333e+00
1.060598515777307904e+00
1.257370775727315371e+00
1.069094848842260692e+00
1.098486874588086248e+00
1.197434441718151055e+00
2.098429159069324701e+00
1.137893047687874137e+00
1.201420715721301269e+00
1.064425630201628614e+00
1.218334607998551977e+00
1.164488512003103216e+00
1.451037979252946863e+00
1.403945880631696230e+00
1.435859966922731878e+00
1.039385832972557377e+00
1.374522812414569639e+00
1.103642283283168934e+00
1.121357400892528666e+00
1.133755198870396219e+00
1.229422582858633595e+00
1.169612124432271472e+00
1.298479022305038422e+00
1.136497433425291304e+00
1.304573747954433260e+00
1.164902953514276085e+00
1.019605889494886064e+00
1.006173363984919966e+00
1.474845594114949421e+00
