1.104057673169323017e+00
1.323851542935481351e+00
1.261565394170541143e+00
1.074624374537652916e+00
1.202038104344661296e+00
1.268762323874946585e+00
1.189076029242343457e+00
1.211228823524629350e+00
1.135421017293365420e+00
1.076235179821422028e+00
1.125768995849435683e+00
1.031212298126828575e+00
1.052316653223819953e+00
1.077271162503431912e+00
1.273111884976497965e+00
1.145373581286861064e+00
1.065169628458050965e+00
1.273397936938420072e+00
1.014257063795660496e+00
1.034224643933290055e+00
1.044584989553259957e+00
1.120056221188309831e+00
1.434859483814553860e+00
1.213643991015080470e+00
1.228672325216298322e+00
1.023075967873683823e+00
1.034861818486752627e+00
1.050977206277420306e+00
1.191875020871905777e+00
1.376857469384055843e+00
1.573333827840573740e+00
1.002304087402894561e+00
1.013972492603640640e+00
1.222132923033324881e+00
1.566503598344407777e+00
1.082166165562602256e+00
1.029147594370422691e+00
1.132439166455435409e+00
1.203482561736555434e+00
1.175554238831034715e+00
