1.074623476574625425e+00
1.239722978356608607e+00
1.087793649164024545e+00
1.106918476014985941e+00
1.072368251819354912e+00
1.268400345372596716e+00
1.123158803774352288e+00
1.136604292310138042e+00
1.002832780605685814e+00
1.028746082069547318e+00
1.045562084473246500e+00
1.045226525081276892e+00
1.028559946769525446e+00
1.057178707604847778e+00
1.011531363544332374e+00
1.074878829072599906e+00
1.043928324127150420e+00
1.117385986625883509e+00
1.071407980899522050e+00
1.001700989839570566e+00
1.001460414317746350e+00
1.038543695255448762e+00
1.143225744748099126e+00
1.042329367130694351e+00
1.204820125712659840e+00
1.105895144642355499e+00
1.017367186274365176e+00
1.090941875653552939e+00
1.051446754915868143e+00
1.004881591229953575e+00
1.245509267150575194e+00
1.085226415590832660e+00
1.044969179903215251e+00
1.032772174678495025e+00
1.202083907826515086e+00
1.110416439654192899e+00
1.031663671848786379e+00
1.031066430806350631e+00
1.174908590847779877e+00
1.066080784255107439e+00
