1.211698442643934781e+00
1.246594992032952431e+00
1.168807023280296953e+00
1.129347489719142672e+00
1.163093395370263794e+00
1.296716116581231759e+00
1.103417031275669480e+00
1.209480907237464598e+00
1.127187187658995393e+00
1.047845207603721907e+00
1.038530212131946850e+00
1.008268554666267747e+00
1.103894250916128028e+00
1.096305954284944706e+00
1.115603152644208063e+00
1.100334473587017081e+00
1.044971781592321181e+00
1.153232047605573740e+00
1.012200960051564680e+00
1.044439232227459602e+00
1.019926467784737500e+00
1.118358970141814623e+00
1.237732674652907372e+00
1.124869715977933948e+00
1.267444955934244666e+00
1.027401288309984784e+00
1.031295135323573975e+00
1.046149735291290739e+00
1.165492560326719662e+00
1.140789402464106095e+00
1.388397534990240656e+00
1.019430095180553941e+00
1.006934858812683631e+00
1.070152060913365899e+00
1.584677726467287995e+00
1.103793379742888936e+00
1.008776336726037837e+00
1.145765476378815206e+00
1.254040063544846317e+00
1.041364482436242467e+00
