1.030169137361429232e+00
1.097534448705185017e+00
1.014586252817199163e+00
1.106836123502689784e+00
1.075730120905036058e+00
1.110192136271281216e+00
1.033321848954302569e+00
1.167686307203091856e+00
1.057474957962365680e+00
1.028015978538042496e+00
1.092682866573817524e+00
1.113103490162300035e+00
1.026208424964905719e+00
1.057627483211083241e+00
1.052976754713792484e+00
1.017354558507058471e+00
1.034774607465726026e+00
1.051543161820876371e+00
1.048764126789911488e+00
1.014688205144705480e+00
1.013688099884917815e+00
1.096866007114535968e+00
1.201343977137376173e+00
1.091473143670875778e+00
1.061496716044694866e+00
1.093371529451186763e+00
1.043263004363895519e+00
1.120229122384087672e+00
1.055753354921809883e+00
1.011868959487832065e+00
1.174193905656068404e+00
1.138168820244241042e+00
1.129124501758341559e+00
1.039670003353462269e+00
1.191967228281615832e+00
1.133183161195035371e+00
1.023061211482584998e+00
1.071665854288314179e+00
1.175752710766809539e+00
1.093406758386360256e+00
