1.148615136271660786e+00
1.157282657228346556e+00
1.191303704584822265e+00
1.072497350274945527e+00
1.156693758139928363e+00
1.228530050529549111e+00
1.099275831556435712e+00
1.255493060153993090e+00
1.218399395276133168e+00
1.071369049395857198e+00
1.080174710801179661e+00
1.006946872629678635e+00
1.141234176698251668e+00
1.148440583147938066e+00
1.231428246137451943e+00
1.077159425144567084e+00
1.029011182947014547e+00
1.149729710865007970e+00
1.004354231620638638e+00
1.034012982037930239e+00
1.027349769141706171e+00
1.126639460691360117e+00
1.347643339518706629e+00
1.154651767783439142e+00
1.219038913710754901e+00
1.005673922814630750e+00
1.055386183089407348e+00
1.084695374683651847e+00
1.132117965259048509e+00
1.255178124962830211e+00
1.298783207618679381e+00
1.008189107857983657e+00
1.000410299270877879e+00
1.066262936762541358e+00
1.608928026470004991e+00
1.045674578447033154e+00
1.008331304988425048e+00
1.156069687146982661e+00
1.255619731913617532e+00
1.113913327044628643e+00
