1.111265624249101025e+00
1.182765836860166342e+00
1.252954566332346920e+00
1.070567447978662878e+00
1.211125573280519063e+00
1.214860824807386663e+00
1.089063972711749262e+00
1.151844499492614471e+00
1.166905118996737212e+00
1.055647725692254957e+00
1.097105286638461186e+00
1.011584133002148667e+00
1.053191524321362316e+00
1.065922295052585733e+00
1.165900634138282488e+00
1.127511505011243642e+00
1.035680584485472622e+00
1.304335254765329521e+00
1.000698614512805174e+00
1.034390705369522934e+00
1.028452502125481338e+00
1.101075303712939268e+00
1.253549830940992482e+00
1.147637237105896046e+00
1.226345317909902199e+00
1.010475142246751057e+00
1.035237047584764314e+00
1.053111225708622811e+00
1.154710972911759281e+00
1.235680765357053401e+00
1.390138962142857260e+00
1.000759767360285490e+00
1.002512332053111743e+00
1.060015679935343735e+00
1.513764174027933507e+00
1.065365925647409284e+00
1.010958606038484531e+00
1.127980062890068691e+00
1.242818856523816295e+00
1.108872472477372195e+00
