1.039759640905363103e+00
1.214862043799235680e+00
1.051084222041123395e+00
1.158753314740967655e+00
1.065108033737951709e+00
1.234417783945976455e+00
1.086885022403309975e+00
1.122427304417602745e+00
1.016133008269794580e+00
1.017900121065717256e+00
1.072193424227376957e+00
1.062068376603343189e+00
1.012118673747529618e+00
1.062631845712130652e+00
1.017783481951091806e+00
1.103330258711408662e+00
1.019033359450909337e+00
1.060010250524633824e+00
1.048489257498076865e+00
1.012616715172894422e+00
1.006544053815439099e+00
1.041868508686214723e+00
1.147075427833339267e+00
1.050693753507252026e+00
1.181265228868644490e+00
1.094004492516518878e+00
1.034915367379711348e+00
1.157263485780242185e+00
1.030177026204961654e+00
1.011785367170858541e+00
1.275303407150653046e+00
1.119369838007767015e+00
1.061061134228486136e+00
1.048698184468362715e+00
1.228169663048339411e+00
1.104526981773958916e+00
1.024419307197413920e+00
1.039635323620611285e+00
1.176198686497345047e+00
1.071240930407921788e+00
