1.201726472171911198e+00
1.177255855989115751e+00
1.175132886960099876e+00
1.117234122165275956e+00
1.133600841218241451e+00
1.228390020943204819e+00
1.087974181693788012e+00
1.208831466660892140e+00
1.186348173518020577e+00
1.055630308892220981e+00
1.046605318095017667e+00
1.022693823907110389e+00
1.150997283151723671e+00
1.133812614514685180e+00
1.123813741346637363e+00
1.057963242066840115e+00
1.016572814147024051e+00
1.148224744088204741e+00
1.010250060437818398e+00
1.053760674176549283e+00
1.028347254119193366e+00
1.161434977674455249e+00
1.192255312588734517e+00
1.120583186812352361e+00
1.234302361922276381e+00
1.019781196887258101e+00
1.108917511964402358e+00
1.094972834792318661e+00
1.135529905946868201e+00
1.175902028116456499e+00
1.310799434965650434e+00
1.003729835676958171e+00
1.002163579084391021e+00
1.071278038260870424e+00
1.616380906472065782e+00
1.080298894232444740e+00
1.006642296670736236e+00
1.160594624679890385e+00
1.380306885329351863e+00
1.018803291558749269e+00
