1.083718146591526432e+00
1.250189615923904096e+00
1.398756165189374290e+00
1.210589436142785136e+00
1.159699651089507011e+00
1.375808361684602188e+00
1.586565455474505670e+00
1.313172708897674790e+00
1.178576582864907740e+00
1.206301372317024834e+00
1.270703383210428195e+00
1.012118035865596566e+00
1.011996271979547668e+00
1.093387471034562797e+00
1.168975303761766504e+00
1.398036397847270296e+00
1.101713562406788416e+00
1.421177204797078097e+00
1.008477369002850343e+00
1.053175995765778250e+00
1.126478370807026730e+00
1.206687245425705823e+00
1.438791213818138015e+00
1.391765894754125377e+00
1.416905225649913058e+00
1.142751736090480197e+00
1.002844030100695560e+00
1.753612201237076951e+00
1.287561290669722025e+00
1.237285094264217289e+00
1.267435986519974023e+00
1.018601600764523329e+00
1.192001973240241819e+00
1.523022563068620494e+00
1.282097306852815422e+00
1.115494512186926190e+00
1.061536378615706600e+00
1.315029918513820784e+00
1.172174567594825190e+00
1.469355541242316709e+00
