1.154904183791980454e+00
1.270651260856970444e+00
1.120895304609773158e+00
1.100529452872887726e+00
1.170154770284146162e+00
1.294210219201700207e+00
1.121542316337562628e+00
1.189464007536856549e+00
1.043597853763209349e+00
1.039961863703050327e+00
1.064017998307643431e+00
1.008953992497797492e+00
1.046546134909351222e+00
1.038792982977516210e+00
1.038760510710304175e+00
1.080039959615543443e+00
1.056608708758026482e+00
1.136748652226582834e+00
1.023326345208144250e+00
1.012481353097954617e+00
1.000911607049727481e+00
1.065356513629068802e+00
1.147405470616687406e+00
1.055427174349584218e+00
1.251439673724397794e+00
1.092335151342193722e+00
1.001363023043908562e+00
1.044496419008623000e+00
1.120209242880596978e+00
1.059718245686744442e+00
1.253479815163223821e+00
1.043444684187455618e+00
1.012084852590231510e+00
1.039654185738800418e+00
1.249266728593725562e+00
1.106897056533023838e+00
1.023018680810758418e+00
1.081545729627487962e+00
1.215840096010412985e+00
1.056083559784370074e+00
