1.029938773542658392e+00
1.017834737746511786e+00
1.170227724417696624e+00
1.186891244300022130e+00
1.064204920502944240e+00
1.091127161911635834e+00
1.071507930391563779e+00
1.165601889121827606e+00
1.192600997709447608e+00
1.052391606183807893e+00
1.074389827386414531e+00
1.190761951331824164e+00
1.074089509735897563e+00
1.078028204362894149e+00
1.164742009146665369e+00
1.056175192694914777e+00
1.268154444393398750e+00
1.018325872909721541e+00
1.043447294212215937e+00
1.031285444667266349e+00
1.055765646239635647e+00
1.114919410088419438e+00
1.218722569786171217e+00
1.066345077829205623e+00
1.113307745055051923e+00
1.042713604791563053e+00
1.498080546519118705e+00
1.040933108506982396e+00
1.174788052853828590e+00
1.065528429972258273e+00
1.151158764869108397e+00
1.333601417016710755e+00
1.161379894203949936e+00
1.147975959449474281e+00
1.037322704589531908e+00
1.163836861218715546e+00
1.051630653253294856e+00
1.020601356039522178e+00
1.032218087679241059e+00
1.031223986857401353e+00
