1.084178757079371946e+00
1.230116487973421435e+00
1.076487336355225199e+00
1.109515177479848180e+00
1.077533417063278876e+00
1.243351640751764631e+00
1.110995622261930604e+00
1.141394880147615254e+00
1.008585113648656106e+00
1.012625636259895545e+00
1.053164068807738607e+00
1.027428923443225450e+00
1.008626954228429184e+00
1.025090888190909988e+00
1.023937564391998789e+00
1.068832429699199560e+00
1.029522529217729687e+00
1.122225269018138016e+00
1.060825021686488956e+00
1.002705374613192424e+00
1.002101408910987868e+00
1.028363102369147519e+00
1.183858577123390043e+00
1.041215887623126779e+00
1.172861924428295399e+00
1.085683724585868815e+00
1.004566287267346425e+00
1.038869187985786535e+00
1.067858660556613604e+00
1.016194745782944331e+00
1.232334781235587595e+00
1.069512032810952196e+00
1.017498389964040850e+00
1.037587208439772146e+00
1.244178427058851844e+00
1.073382794805407547e+00
1.017846145064467578e+00
1.042412478152035860e+00
1.190729398960952867e+00
1.052966721845955300e+00
