1.070267599660132740e+00
1.523541983935458255e+00
1.339829385917154170e+00
1.612331761976752320e+00
1.296940713865746719e+00
1.485786416216189565e+00
1.070193929604863259e+00
1.459284527614881144e+00
1.011540891192953984e+00
1.887651781423633990e+00
1.093365059754287660e+00
1.182608566033990893e+00
1.069414645679161557e+00
1.661521932552267655e+00
2.130487140335963314e+00
1.623269226841624890e+00
1.446112755859610077e+00
1.343194536498128588e+00
1.357288792255108678e+00
1.019233304699858955e+00
1.742983642174322112e+00
1.201098598548676399e+00
1.055903285215879395e+00
2.271158473166917879e+00
1.519854518416007938e+00
1.626006469485848038e+00
1.048755106250599978e+00
1.486020866190479905e+00
1.155486371044698091e+00
1.225829122253283554e+00
1.762911615686705735e+00
1.941521629038127417e+00
1.145880250048683768e+00
1.152376275225673430e+00
1.619705358371515302e+00
2.279950992884369754e+00
1.262743574841434624e+00
1.162337799090591206e+00
1.111995961131894584e+00
1.990079682711266562e+00
