1.127003153944765357e+00
1.264755256182416909e+00
1.212705584336609022e+00
1.021283847761957242e+00
1.252615612257425015e+00
1.369177441243779825e+00
1.123339210032350266e+00
1.237013042143181973e+00
1.312629618053184011e+00
1.074075745014749783e+00
1.197249915205505610e+00
1.007764321958081633e+00
1.045097944028895665e+00
1.099831329015939385e+00
1.334993804344517976e+00
1.189388423677088635e+00
1.051665898516896958e+00
1.233319394108161049e+00
1.007343578921373828e+00
1.140331563616380661e+00
1.060740100113078066e+00
1.183510293798893498e+00
1.379765796526265076e+00
1.304948483909897039e+00
1.183675208569130222e+00
1.061852128604538370e+00
1.025874964218978613e+00
1.067799254318523072e+00
1.247125321507262852e+00
1.279268336486079072e+00
1.661794469933592699e+00
1.002327800530801616e+00
1.057276465581360902e+00
1.258841488872595393e+00
1.500762343011619482e+00
1.093154627696636627e+00
1.061657022685158047e+00
1.129493812166610489e+00
1.172929735149822683e+00
1.236270214968991255e+00
