1.168059908836839744e+00
1.560610709311278210e+00
1.563717989171793610e+00
2.094772870449324920e+00
1.627872744319908138e+00
2.586425994836873521e+00
2.226357705390466624e+00
3.653598042745681784e+00
1.444965900830496919e+00
4.342774653245963457e+00
1.530262023099113078e+00
1.263677685835072007e+00
1.389040916581232299e+00
1.730258384111218017e+00
3.534381150249992221e+00
1.809491469315735790e+00
1.502366269536509202e+00
1.187473732920631297e+00
1.431043870075817015e+00
1.117031728596894036e+00
1.961322604716999596e+00
1.415714413121117010e+00
2.355877318765854156e+00
3.206168779325507145e+00
2.927056348903704475e+00
1.344392095868960135e+00
1.236528731613858456e+00
3.602955476756898978e+00
1.661523185337789643e+00
1.909983892826583318e+00
2.620221153870296416e+00
2.218163348855866079e+00
1.256862870605572224e+00
1.230384880778859991e+00
4.937068148510737942e+00
2.314473468241106779e+00
1.773239462251161802e+00
1.003024578239049669e+00
1.700651377583421331e+00
2.911246706821650765e+00
