1.054605179701307405e+00
1.207317020612866276e+00
1.053333052406867143e+00
1.159451149971480133e+00
1.073665254471626085e+00
1.257942843881117545e+00
1.063500439681829945e+00
1.162681253402521930e+00
1.048717518399624238e+00
1.026186232579596291e+00
1.098831610549433568e+00
1.107062630014903126e+00
1.037195268876855092e+00
1.050189495352961355e+00
1.025169503742612287e+00
1.058505966927984598e+00
1.045810302421947169e+00
1.067227041144672262e+00
1.055639615038902690e+00
1.004483403069646785e+00
1.018374353441733549e+00
1.068720231623648376e+00
1.160423334895349212e+00
1.082601243576264194e+00
1.131428141053604675e+00
1.109945317006426846e+00
1.037502030308193213e+00
1.190160134088711796e+00
1.037016504334254963e+00
1.006564759478213222e+00
1.319415723482510128e+00
1.154705721191547019e+00
1.104209228495722339e+00
1.057637233300299462e+00
1.261718148876656898e+00
1.143825181855824047e+00
1.006047439669265797e+00
1.063453630156627305e+00
1.213012834457624978e+00
1.099208974079046497e+00
