1.288872659711021829e+00
1.214395908318281148e+00
1.208127966533693698e+00
1.128906326205095567e+00
1.182003941490349375e+00
1.291009666976225212e+00
1.132634217963457646e+00
1.278297222353922846e+00
1.158146770608737386e+00
1.060209923294699763e+00
1.050279615226548557e+00
1.020769908890456712e+00
1.176990336003152615e+00
1.166095029890152235e+00
1.141272410312340391e+00
1.090954272703261729e+00
1.020829155033393665e+00
1.164093912499043482e+00
1.000616175564820187e+00
1.043893449912364879e+00
1.041061962080311432e+00
1.160700074292713158e+00
1.208519089611745034e+00
1.122271971832003334e+00
1.294091592239593247e+00
1.023445281557374686e+00
1.108812763846462435e+00
1.063810907506482994e+00
1.180245296291390078e+00
1.137741138318348444e+00
1.337124036639534941e+00
1.013717731952607837e+00
1.012961744276400955e+00
1.098313831526987139e+00
1.640398278695361256e+00
1.124314245990460481e+00
1.001659479776401351e+00
1.202865798778229189e+00
1.390966418737494159e+00
1.020894913954403904e+00
