1.107433764234710516e+00
1.518505595990576218e+00
1.470962996326958150e+00
1.277339919257590939e+00
1.300909527010658318e+00
1.626694037850734187e+00
1.473033978441231628e+00
1.334081724040077965e+00
1.168899850482167269e+00
1.330737264687688715e+00
1.572810688547443103e+00
1.053618194455195445e+00
1.002145066561667353e+00
1.115501765491291541e+00
1.061080746895728621e+00
1.257004726525882798e+00
1.031305126638424330e+00
1.992559574148427215e+00
1.110783238534094330e+00
1.479866485787909358e+00
1.141939438567586951e+00
1.148909271437888346e+00
1.397565684604885394e+00
1.394841201704932754e+00
1.456400444580461251e+00
1.507377139231668162e+00
1.008155162057894794e+00
1.832032967729782413e+00
1.290037716660494160e+00
1.138723005007995503e+00
1.163766403939739957e+00
1.265733488950897323e+00
1.258635398995483934e+00
1.655520380034908756e+00
1.250759935008838974e+00
1.185987237521004767e+00
1.076908548824458078e+00
1.341408618454551949e+00
1.172571163504947611e+00
1.524472895472788636e+00
