1.183035889975268873e+00
1.450760829777354877e+00
1.389052398486305906e+00
1.442819929208471130e+00
1.382948585069057268e+00
1.724637795564567977e+00
1.582603828843867966e+00
1.595692299089766175e+00
1.258068819887616652e+00
1.201596548966686218e+00
1.292023685075055939e+00
1.223842481774739754e+00
1.256353892951703299e+00
1.147103249048218032e+00
1.114745777961043904e+00
1.010496907016894319e+00
1.180935333518344565e+00
2.094461740026469343e+00
1.198781629034142648e+00
1.222062852684481671e+00
1.196500817586054977e+00
1.134420219385744444e+00
1.553542057873499527e+00
1.295024874243252189e+00
1.484695363760254239e+00
1.352382912901627599e+00
1.028300663741403165e+00
1.639985718309345808e+00
1.086745856129462728e+00
1.084401437210867458e+00
1.157384539312704685e+00
1.259347914743364827e+00
1.368906854209211543e+00
1.464517446041892601e+00
1.283887386454107160e+00
1.162841887423012199e+00
1.011024534909790829e+00
1.401352288413817648e+00
1.252853224660709142e+00
1.455220935353930267e+00
