1.038587836063642245e+00
1.113190429194560016e+00
1.120136028213986501e+00
1.087127815969566313e+00
1.097340727958495243e+00
1.064909918797466215e+00
1.086505078729292251e+00
1.052279710547713742e+00
1.011417602680427352e+00
1.034971270830753021e+00
1.025259676740275960e+00
1.055097928021043741e+00
1.011325774398142308e+00
1.041342450613562454e+00
1.169595970888402947e+00
1.038629481412656874e+00
1.044691745644513947e+00
1.083238304281421316e+00
1.022152693918377597e+00
1.081009295778922796e+00
1.042311074015530803e+00
1.022302596083181303e+00
1.073249144909332875e+00
1.033501517572628758e+00
1.006996582091883363e+00
1.055912075848768117e+00
1.090029032415008148e+00
1.064334895301055406e+00
1.037553977110086567e+00
1.101642261145332702e+00
1.068370189249113533e+00
1.100806337542392654e+00
1.081601138546150809e+00
1.098446452188780231e+00
1.045357214746307273e+00
1.141866489401607287e+00
1.086494576189539041e+00
1.077403732137135473e+00
1.013615346367130687e+00
1.148645650407507324e+00
