1.140653369295339337e+00
1.297671644696106075e+00
1.277319108282370719e+00
1.140812669431476190e+00
1.399531560956643217e+00
1.424808055576921362e+00
1.331393681746765534e+00
1.253643305086968196e+00
1.314148095402858596e+00
1.182662112093974427e+00
1.380701191672022210e+00
1.006298693469162897e+00
1.032239593986956416e+00
1.157300259693845312e+00
1.402044833504012766e+00
1.235286176594994290e+00
1.097934087631169175e+00
1.301473540722500877e+00
1.007355473480096020e+00
1.075823810106372180e+00
1.054094071331886040e+00
1.171232825996218585e+00
1.395401827741702183e+00
1.363024673044867408e+00
1.377360008944588321e+00
1.145050632530599133e+00
1.032536800813626421e+00
1.484206288921093186e+00
1.231815907922327424e+00
1.299559948801323639e+00
1.835619972075649642e+00
1.017719493701402689e+00
1.124764899853593514e+00
1.377456003833527509e+00
1.558531939332766791e+00
1.151961058179935993e+00
1.042969165762028805e+00
1.317815441300870027e+00
1.216780668957434974e+00
1.400889984612773143e+00
