1.016185669128604196e+00
1.012671302608816326e+00
1.007394068502082130e+00
1.047286194712885976e+00
1.025343926757422697e+00
1.034127843764736987e+00
1.025783801704992060e+00
1.021625410275138091e+00
1.025426934669297685e+00
1.078207719367521689e+00
1.018355888987209079e+00
1.066864266787070470e+00
1.029639507260341480e+00
1.015560160955384150e+00
1.038207104106479761e+00
1.024950375179834339e+00
1.047501430278563461e+00
1.021509385948181858e+00
1.012068131941016969e+00
1.040375148911312220e+00
1.043955092356340320e+00
1.005347978116114760e+00
1.021210346012385806e+00
1.023250056460995427e+00
1.021509329404070243e+00
1.031996391065383101e+00
1.056444173016039878e+00
1.018860320123783136e+00
1.029059321938391447e+00
1.010332361617543251e+00
1.050503307473686032e+00
1.062838300223712507e+00
1.076536304550732792e+00
1.066188144870116927e+00
1.019077138884151967e+00
1.047504916200703740e+00
1.055952541036105474e+00
1.066488232177567497e+00
1.030062917587480920e+00
1.021746344753198699e+00
