1.050997643796978132e+00
1.171931828325987857e+00
1.030958111506617758e+00
1.133772406713248637e+00
1.074934297189069410e+00
1.217061054544684939e+00
1.023611851952406893e+00
1.191723814723046670e+00
1.054849853581672381e+00
1.030134566788921902e+00
1.092777132833735898e+00
1.116701612541462829e+00
1.026360787268044472e+00
1.057313944035699782e+00
1.053228664227841449e+00
1.055643525771642555e+00
1.050329720542137357e+00
1.043042249872460747e+00
1.053992262627108323e+00
1.009162009548024486e+00
1.011837964878676610e+00
1.099973924986671348e+00
1.181435537153165294e+00
1.079867242347808176e+00
1.074993481008351237e+00
1.082716746698509258e+00
1.041058938961295199e+00
1.092562617642561795e+00
1.044414514123592763e+00
1.017569500109238634e+00
1.261465909472855085e+00
1.150951440751594834e+00
1.113306244657191746e+00
1.069739717227362608e+00
1.258313199927500792e+00
1.155814115541645037e+00
1.013404093496174330e+00
1.044079635960779351e+00
1.198706390744519235e+00
1.139625673869915312e+00
