2.470873020165050615e+00
1.489341203427077431e+00
1.032411564657565561e+00
1.881795284718782213e+00
3.110685221936915212e+00
2.015914522574919765e+00
3.517340786130877639e+00
2.798646682174865674e+00
1.866527262602971193e+00
2.092295492009740965e+00
3.427434216963910263e+00
1.752760252085263870e+00
1.295206825820785168e+00
2.007812018600902526e+00
1.119322958408044411e+00
1.486699455445261719e+00
1.151158938399367448e+00
1.356031629379146786e+00
2.083996645446826168e+00
1.317178581026781092e+00
1.824306849922759710e+00
1.677214709691710048e+00
4.008751976957261043e+00
1.827714384061663866e+00
1.406479026541943123e+00
1.169375179603336035e+00
2.314496914757570245e+00
3.142981168346671073e+00
1.460515872897712564e+00
2.755631280839090369e+00
1.109434421309198893e+00
2.039354597592737850e+00
2.008944262376344714e+00
2.064207663838165452e+00
2.715610913492385148e+00
3.051210456171946639e+00
1.255586183527624966e+00
1.755207203820044803e+00
3.038209019851192405e+00
2.340780691182197337e+00
