1.052380145703402325e+00
1.216356536785772935e+00
1.048557947931616274e+00
1.173644089060606133e+00
1.076477667683324757e+00
1.256610825787045860e+00
1.073078836722863416e+00
1.140900789497326651e+00
1.028859582032641606e+00
1.019286588063414101e+00
1.088548931018221033e+00
1.081954970634129820e+00
1.010822358041334468e+00
1.041355894304757390e+00
1.024120291377378145e+00
1.062185139924424870e+00
1.031913323506802982e+00
1.059289523800853061e+00
1.050433603762438883e+00
1.009096902829538678e+00
1.009045524744300870e+00
1.061464305307178391e+00
1.169403495570224383e+00
1.063290388903787242e+00
1.137392196486978646e+00
1.107268867265263523e+00
1.029743615113256183e+00
1.160143434086378100e+00
1.032672247000776089e+00
1.011931804106622534e+00
1.291159635858620147e+00
1.122193107970211434e+00
1.065811437196461764e+00
1.058278745356131312e+00
1.260088647032036047e+00
1.109384526787214664e+00
1.005826911729686746e+00
1.042508223789642585e+00
1.188773566270874715e+00
1.070879581487399479e+00
