1.003597678639526647e+00
1.002671355029872258e+00
1.001426043089838069e+00
1.001879744118851612e+00
1.007323348467194624e+00
1.004310727630504996e+00
1.005642089220318836e+00
1.004898687711530458e+00
1.003127751421308611e+00
1.006784347766096266e+00
1.001180667457828521e+00
1.003122917876177356e+00
1.005050066264965070e+00
1.002428184768085817e+00
1.001751240134768128e+00
1.002052054516388013e+00
1.001996161337479263e+00
1.000451774873055921e+00
1.006595682897793109e+00
1.003542084714518445e+00
1.002083747988679496e+00
1.002233175221776795e+00
1.000136476325495183e+00
1.001905871028634598e+00
1.003200127099771910e+00
1.002990322181687377e+00
1.001654354802291369e+00
1.002423714110106445e+00
1.001235827309290283e+00
1.003464168850242810e+00
1.003684542037730054e+00
1.000482867864035175e+00
1.002288803661227412e+00
1.001182187667642776e+00
1.006652449402190008e+00
1.004160766216273482e+00
1.001844450427815225e+00
